0.24845198
-0.24845198
-0.24845198
0.24845198
0.0
0.0
0.24845198
0.0
0.43830797
0.0
-0.26298478
-0.43830797
-0.26298478
-0.17532319
0.43830797
-0.43830797
0.04315569
0.99258083
0.010788922
-0.064733535
0.010788922
0.05394461
0.021577844
-0.064733535
-0.1542579
0.0
-0.37707487
0.89126784
0.034279533
0.11997837
-0.08569883
-0.11997837
0.20047756
-0.04009551
-0.12028654
-0.08019102
-0.92219675
-0.12028654
-0.24057308
-0.04009551
0.080255546
-0.080255546
0.040127773
0.040127773
-0.12038332
-0.9630666
-0.12038332
-0.12038332
0.31764704
0.10588235
0.4235294
-0.2117647
-0.7411764
0.10588235
0.0
-0.10588235
0.40926343
0.040926345
-0.69574785
0.20463172
0.040926345
0.20463172
0.08185269
-0.49111614
0.97681546
-0.027133763
0.12210193
-0.06783441
0.040700644
-0.10853505
0.040700644
0.09496817
-0.03166236
0.01583118
0.965702
0.2374677
0.04749354
-0.04749354
-0.03166236
0.04749354
-0.5538461
-0.18461537
0.18461537
0.36923075
0.49230766
0.24615383
-0.3076923
0.24615383
-0.047431193
-0.011857798
0.011857798
0.035573393
-0.047431193
-0.011857798
-0.99605507
-0.023715597
0.15713483
0.0
0.6285393
-0.15713483
0.0
0.31426966
0.4714045
-0.15713483
-0.02840381
0.99413335
0.042605713
-0.02840381
0.02840381
0.05680762
0.02840381
0.042605713
0.09400872
0.09400872
-0.09400872
0.0
0.0
0.09400872
0.09400872
-0.9400872
-0.16535945
-0.16535945
0.16535945
0.16535945
-0.3307189
0.0
0.6614378
-0.3307189
0.40353507
0.20176753
0.6725585
0.06725585
0.33627924
0.2690234
-0.33627924
-0.06725585
-0.20572603
0.15429452
0.102863014
-0.8229041
-0.41145205
-0.102863014
0.051431507
0.20572603
0.0
0.24999996
-0.24999996
0.0
0.24999996
0.0
0.0
0.24999996
0.8268786
-0.08268786
0.1240318
0.33075145
0.20671965
0.04134393
-0.28940752
-0.20671965
-0.061451223
0.030725611
0.98321956
0.0
-0.030725611
0.09217683
0.122902445
0.046088416
-0.22587699
0.22587699
-0.22587699
0.22587699
-0.45175397
0.22587699
0.22587699
0.0
-0.012456283
-0.024912566
0.024912566
-0.99650264
-0.062281415
0.012456283
-0.012456283
0.012456283
0.04615101
0.9922467
0.04615101
-0.04615101
-0.06922651
0.0
0.0
0.0
-0.33425975
0.43453768
0.06685195
0.33425975
0.2674078
-0.40111172
0.5013896
0.3008338
-0.06519754
-0.13039508
0.97796315
-0.06519754
0.0
0.06519754
-0.06519754
-0.03259877
-0.10414943
0.20829886
0.5207472
-0.3124483
0.10414943
-0.20829886
-0.20829886
-0.6248966
-0.020765843
0.031148765
0.031148765
0.9967605
-0.010382921
-0.020765843
-0.031148765
-0.041531686
-0.09854266
0.9854266
-0.04223257
0.11262018
-0.028155046
0.028155046
-0.028155046
0.028155046
0.21783344
-0.21783344
0.7261115
0.0
0.04840743
0.6050929
-0.04840743
-0.04840743
0.07952888
-0.9543466
-0.15905777
0.0
-0.07952888
0.0
0.0
0.0
0.95533687
-0.079611406
0.079611406
0.05307427
-0.18575995
0.0
0.079611406
-0.15922281
0.24999996
0.0
-0.24999996
0.24999996
0.0
0.0
0.24999996
0.0
0.49956566
-0.099913135
-0.099913135
-0.49956566
-0.19982627
-0.19982627
0.39965254
-0.39965254
0.053954035
0.9927543
0.010790807
-0.064744845
0.0
0.053954035
0.021581614
-0.053954035
-0.15394165
0.0
-0.35919717
0.9065453
0.017104628
0.119732395
-0.034209255
-0.085523136
0.20652616
0.0
-0.06884205
-0.034421027
-0.9293677
-0.034421027
-0.2753682
-0.034421027
0.20709996
-0.10354998
0.15532497
0.05177499
-0.05177499
-0.9319498
-0.05177499
-0.15532497
0.41457805
0.0
0.27638537
-0.41457805
-0.41457805
0.27638537
0.0
-0.41457805
0.3613909
0.0
-0.7227818
0.27104318
0.13552159
0.18069544
0.04517386
-0.4517386
0.98011637
-0.025457568
0.114559054
-0.06364392
0.050915137
-0.101830274
0.038186353
0.076372705
-0.015346516
-0.015346516
0.9668305
0.24554425
0.046039548
0.015346516
0.0
0.015346516
-0.40403953
-0.20201977
0.20201977
0.45454448
0.55555433
0.2525247
-0.30302966
0.2525247
-0.03887588
0.012958627
0.012958627
0.012958627
-0.025917254
-0.012958627
-0.9978143
-0.012958627
-0.20384124
0.0
0.40768248
-0.20384124
-0.40768248
0.20384124
0.40768248
0.0
-0.045909982
0.9947163
0.045909982
-0.030606655
0.045909982
0.015303328
0.030606655
0.015303328
0.0
0.16535945
0.0
-0.16535945
0.0
0.0
0.16535945
-0.82679725
0.0
-0.19999999
0.0
0.0
-0.19999999
-0.39999998
0.59999996
-0.19999999
0.3433379
0.41200545
0.6866758
0.0
0.3433379
0.20600273
-0.20600273
0.0
-0.13389222
0.13389222
0.04463074
-0.8479841
-0.40167665
-0.04463074
0.17852296
0.17852296
0.20786986
0.20786986
-0.62360954
0.20786986
0.20786986
-0.20786986
0.0
0.0
0.8432203
-0.067457624
0.10118644
0.2698305
0.0
0.0
-0.40474576
-0.16864406
-0.02951727
0.014758635
0.98882854
-0.014758635
0.0
0.08855181
0.08855181
0.05903454
0.0
0.0
-0.24999996
0.24999996
-0.24999996
0.24999996
0.0
0.0
0.0
-0.024951307
0.024951307
-0.9980523
-0.024951307
0.012475654
-0.024951307
0.0
0.04223879
0.9926116
0.021119395
-0.06335819
-0.06335819
0.0
0.021119395
0.021119395
-0.35532993
0.4619289
0.071065985
0.31979692
0.24873094
-0.3908629
0.4974619
0.28426394
-0.19215216
-0.19215216
0.92873544
-0.09607608
0.0
0.12810144
-0.1601268
-0.06405072
-0.2290614
0.1145307
0.4581228
-0.4581228
-0.1145307
-0.2290614
-0.1145307
-0.5726535
-0.01918559
0.03837118
0.0
0.9976507
-0.01918559
-0.028778385
-0.009592795
-0.028778385
-0.055956353
0.9932253
-0.055956353
0.055956353
-0.027978176
0.013989088
-0.027978176
0.027978176
0.15228163
-0.17403615
0.8266717
0.0
-0.021754518
0.50035393
-0.065263554
-0.065263554
0.06440649
-0.96609735
-0.12881298
0.06440649
-0.06440649
0.06440649
0.0
0.0
0.9750317
-0.07905662
0.07905662
0.052704416
-0.10540883
0.0
0.0
-0.13176104
0.24999996
0.0
-0.24999996
0.0
-0.24999996
-0.24999996
0.0
0.0
0.6188389
-0.12376778
0.0
-0.4950711
-0.12376778
-0.12376778
0.37130332
-0.24753556
0.057095326
0.9934587
0.011419065
-0.06851439
-0.011419065
0.02283813
0.034257196
-0.04567626
-0.14377692
0.0
-0.34147018
0.9165779
0.017972115
0.10783269
0.0
-0.08986057
0.17833036
0.029721726
0.0
0.0
-0.9213735
0.029721726
-0.326939
-0.05944345
0.44102103
-0.294014
0.22051051
0.22051051
0.0
-0.6615315
0.0735035
-0.3675175
0.15907899
0.0
0.15907899
-0.47723696
0.15907899
0.47723696
-0.15907899
-0.47723696
0.27605778
0.0
-0.82817334
0.22084622
0.16563466
0.16563466
0.0
-0.33126932
0.98692954
-0.012985915
0.090901405
-0.038957745
0.038957745
-0.090901405
0.02597183
0.064929575
-0.015541738
-0.04662521
0.96358776
0.23312607
0.0
0.09325042
0.06216695
-0.015541738
-0.28377867
-0.18918578
0.23648223
0.52026093
0.56755733
0.28377867
-0.28377867
0.23648223
-0.043885715
0.05851429
0.014628572
0.014628572
0.043885715
-0.014628572
-0.99474293
-0.029257145
-0.35524672
0.17762336
0.0
0.0
-0.71049345
0.17762336
0.17762336
0.0
-0.047310114
0.99351245
0.031540077
-0.063080154
0.047310114
-0.015770039
0.031540077
-0.015770039
-0.23570222
0.0
0.0
0.0
0.0
0.0
0.0
0.23570222
0.16761781
-0.33523563
-0.16761781
0.0
0.0
-0.33523563
0.67047125
-0.16761781
0.33791542
0.50687313
0.591352
-0.084478855
0.42239428
0.0
-0.16895771
-0.084478855
-0.14961883
0.099745885
0.049872942
-0.84784
-0.39898354
-0.049872942
0.2493647
0.049872942
0.21209124
0.21209124
-0.63627374
0.0
0.21209124
0.0
0.0
-0.21209124
0.844335
0.0
-0.027236614
0.1634197
-0.1634197
0.027236614
-0.46302244
-0.10894646
0.014807092
0.029614184
0.99207515
0.0
0.044421278
0.044421278
0.059228368
0.07403546
0.0
0.0
-0.24743581
0.0
0.0
0.0
-0.24743581
-0.24743581
0.0
0.0
0.043310277
-0.99613637
0.043310277
0.014436759
-0.043310277
-0.014436759
0.0
0.9831309
0.022343883
-0.111719415
-0.08937553
0.0
0.022343883
0.08937553
-0.40960658
0.45056725
0.08192132
0.32768527
0.20480329
-0.36864594
0.49152792
0.2867246
-0.2941715
-0.19611433
0.88251454
-0.06537145
-0.032685723
0.16342862
-0.19611433
-0.1307429
-0.422657
-0.14088567
0.422657
-0.422657
-0.14088567
-0.422657
0.0
-0.28177133
-0.01880277
0.03760554
-0.01880277
0.9965468
-0.03760554
-0.047006924
0.009401385
-0.01880277
-0.029260274
0.9948493
-0.07315069
0.014630137
-0.029260274
0.029260274
-0.014630137
0.014630137
0.122550935
-0.122550935
0.8578565
-0.04085031
-0.10212578
0.44935343
-0.122550935
-0.04085031
0.051228665
-0.9733446
-0.10245733
0.051228665
-0.051228665
0.0
0.10245733
-0.051228665
0.9760861
-0.05915673
0.088735096
0.088735096
-0.05915673
0.0
-0.05915673
-0.11831346
0.0
-0.24743581
0.0
0.0
0.0
-0.24743581
0.0
-0.24743581
0.40768248
-0.40768248
0.0
-0.40768248
0.0
0.20384124
0.20384124
0.20384124
0.048485734
0.9939575
0.024242867
-0.060607165
-0.024242867
0.0
0.048485734
-0.036364302
-0.12607136
0.04202379
-0.31517842
0.92452335
0.04202379
0.12607136
0.0
-0.08404758
0.16936636
0.0
0.056455456
0.028227728
-0.9032873
0.056455456
-0.36696047
-0.08468318
0.58309513
-0.4997958
0.2498979
0.3331972
0.0
-0.0832993
0.0
-0.41649652
-0.11096107
0.22192214
0.3328832
-0.4438443
0.4438443
0.55480534
-0.11096107
-0.11096107
0.1904746
-0.06349153
-0.8253899
0.12698306
0.12698306
0.25396612
-0.06349153
-0.3809492
0.9911907
0.0
0.071825415
-0.014365083
0.043095246
-0.071825415
0.014365083
0.05746033
-0.017316166
-0.069264665
0.9523891
0.22511016
-0.0519485
0.12121317
0.12121317
-0.0519485
-0.29522657
-0.14761329
0.24602216
0.49204433
0.6396576
0.24602216
-0.19681773
0.24602216
-0.04641825
0.0928365
0.01547275
0.0
0.07736375
-0.01547275
-0.990256
-0.01547275
-0.31764704
0.2117647
-0.52941173
-0.10588235
-0.6352941
0.2117647
0.10588235
0.10588235
-0.050550595
0.99416167
0.033700395
-0.06740079
0.016850198
-0.016850198
0.016850198
0.016850198
-0.24743581
0.0
0.0
0.0
0.0
0.0
-0.24743581
0.24743581
0.12015768
-0.36047304
-0.12015768
0.12015768
-0.24031536
0.0
0.7209461
-0.36047304
0.26925823
0.4487637
0.53851646
-0.17950548
0.53851646
-0.08975274
-0.08975274
-0.17950548
-0.17494689
0.05831563
0.11663126
-0.8164188
-0.34989378
-0.11663126
0.34989378
0.0
0.24052283
0.24052283
-0.24052283
-0.24052283
0.24052283
0.24052283
0.0
-0.24052283
0.7975194
0.026583979
-0.053167958
0.1329199
-0.2658398
0.0
-0.5050956
-0.106335916
0.030123748
0.030123748
0.9940837
0.015061874
0.04518562
0.015061874
0.04518562
0.060247496
0.0
0.0
-0.19999994
0.0
0.0
0.0
0.0
0.0
-0.018083433
0.018083433
0.0542503
-0.9945888
0.0542503
0.0
-0.036166865
-0.018083433
-0.025367226
0.9639546
0.0
-0.17757058
-0.12683614
-0.025367226
0.025367226
0.12683614
-0.47563443
0.47563443
0.05284827
0.26424134
0.21139307
-0.36993787
0.47563443
0.21139307
-0.37581694
-0.26307186
0.78921556
-0.07516339
-0.037581693
0.30065355
-0.18790847
-0.15032677
-0.59344023
0.0
0.14836006
-0.14836006
0.14836006
-0.59344023
-0.14836006
-0.14836006
-0.020129237
0.040258475
0.0
0.99639726
-0.05032309
-0.040258475
0.010064619
0.010064619
-0.015748512
0.99215627
-0.06299405
0.031497024
-0.07874256
0.015748512
0.031497024
0.031497024
0.11525486
-0.11525486
0.85288596
-0.069152914
-0.1613568
0.43796846
-0.13830583
0.0
0.05391265
-0.9704277
-0.05391265
-0.05391265
-0.05391265
0.0
0.1078253
-0.1078253
0.95191383
-0.10983621
0.14644828
0.10983621
-0.10983621
0.03661207
-0.10983621
-0.10983621
0.0
0.0
0.0
0.0
0.24743581
-0.24743581
0.0
-0.24743581
0.0
-0.2211083
0.2211083
-0.2211083
0.0
0.4422166
0.0
0.4422166
0.05511607
0.9920892
0.04133705
-0.05511607
-0.027558034
0.013779017
0.06889509
-0.027558034
-0.0990448
0.0742836
-0.3218956
0.9161644
0.0742836
0.123806
0.0247612
-0.123806
0.13719732
-0.03429933
0.06859866
0.03429933
-0.9260819
0.10289799
-0.30869395
-0.03429933
0.5543525
-0.46196043
0.18478417
0.27717626
0.09239209
0.27717626
0.0
-0.46196043
-0.23635635
0.1575709
0.23635635
-0.3151418
0.6302836
0.5514982
-0.07878545
-0.07878545
0.33091095
-0.08272774
-0.6618219
0.16545548
0.0
0.33091095
-0.08272774
-0.49636644
0.9938751
0.0
0.048879102
-0.016293034
0.048879102
-0.048879102
-0.016293034
0.048879102
-0.022394251
-0.06718275
0.94055855
0.20154826
-0.06718275
0.17915401
0.15675975
-0.06718275
-0.32828122
-0.10942708
0.2735677
0.49242187
0.65656245
0.21885416
-0.10942708
0.21885416
-0.034119535
0.10235861
0.034119535
0.0
0.06823907
-0.034119535
-0.98946655
0.0
-0.35336936
0.17668468
-0.7067387
-0.08834234
-0.4417117
0.26502702
0.0
0.08834234
-0.038969208
0.9937148
-0.019484604
-0.077938415
0.019484604
-0.019484604
0.019484604
0.019484604
0.0
0.0
0.0
0.0
0.0
0.0
0.0
0.0
0.0
-0.2967967
0.0
0.19786447
-0.49466118
0.19786447
0.5935934
-0.39572895
0.3243243
0.4054054
0.48648646
-0.16216215
0.5675675
0.08108108
-0.16216215
-0.24324323
-0.14621954
0.0
0.14621954
-0.80420744
-0.2193293
-0.29243907
0.36554885
0.0
0.0
0.24494897
0.0
-0.24494897
0.24494897
0.24494897
0.24494897
-0.24494897
0.71908593
0.032685723
-0.06537145
0.098057166
-0.35954297
-0.06537145
-0.55565727
-0.1307429
0.016588507
0.016588507
0.9953104
0.033177014
0.04976552
-0.016588507
0.04976552
0.016588507
0.0
0.0
0.0
0.0
0.0
0.0
0.19999994
0.0
0.0
0.0
0.066339746
-0.9950962
0.022113249
0.0
-0.022113249
0.022113249
-0.05902777
0.9444443
-0.029513884
-0.2065972
-0.14756942
-0.029513884
0.0
0.17708331
-0.5493406
0.41200545
0.068667576
0.2746703
0.13733515
-0.3433379
0.48067302
0.20600273
-0.4125256
-0.22501396
0.7500465
-0.07500465
-0.037502326
0.37502325
-0.18751162
-0.1500093
-0.41457805
0.41457805
0.0
-0.13819268
0.13819268
-0.55277073
-0.27638537
-0.27638537
0.0
0.043792404
0.0
0.9962772
-0.032844305
-0.043792404
0.021896202
0.032844305
0.037100673
0.9831678
-0.037100673
0.074201345
-0.11130202
0.037100673
0.05565101
0.074201345
0.13888821
-0.055555284
0.80555165
-0.083332926
-0.27777642
0.44444227
-0.1944435
0.055555284
0.0
-0.9655663
0.0
-0.096556626
0.0
-0.096556626
0.096556626
-0.14483494
0.91666555
-0.18333311
0.22916639
0.09166656
-0.13749984
0.04583328
-0.13749984
-0.09166656
0.0
0.0
0.0
0.0
0.0
0.0
0.19999994
0.0
0.0
-0.20786986
0.20786986
-0.20786986
-0.20786986
0.62360954
0.0
0.20786986
0.051216587
0.99018735
0.051216587
-0.06828878
-0.03414439
0.03414439
0.06828878
-0.017072195
-0.082949795
0.11059973
-0.33179918
0.91244775
0.055299863
0.13824967
0.055299863
-0.082949795
0.04890931
0.0
0.19563724
0.09781862
-0.8803676
0.04890931
-0.39127448
0.0
0.52941173
-0.31764704
0.2117647
0.10588235
0.4235294
0.31764704
0.10588235
-0.4235294
-0.111794434
-0.055897217
0.16769165
-0.22358887
0.78256106
0.50307494
-0.111794434
-0.055897217
0.32126004
0.0
-0.64252007
0.21417335
-0.10708667
0.21417335
0.0
-0.53543335
0.99196076
0.038152337
0.019076169
-0.019076169
0.09538084
-0.019076169
-0.038152337
0.0
-0.03187857
-0.06375714
0.89259994
0.22314999
-0.12751427
0.22314999
0.25502855
-0.095635705
-0.3240545
0.0
0.2592436
0.4536763
0.71291995
0.1944327
-0.0648109
0.1944327
-0.04020146
0.12060438
0.08040292
0.0
0.06030219
-0.02010073
-0.98493576
0.0
-0.24244818
0.24244818
-0.8081606
-0.08081606
-0.24244818
0.32326424
0.0
0.08081606
-0.024084087
0.98744756
-0.07225226
-0.09633635
0.048168175
0.0
0.024084087
0.048168175
0.19999994
0.0
0.0
0.0
0.0
0.0
0.0
0.0
-0.07878545
-0.23635635
0.1575709
0.23635635
-0.4727127
0.4727127
0.5514982
-0.23635635
0.34662095
0.4159451
0.4159451
0.0
0.6239177
0.13864838
-0.20797256
-0.20797256
-0.07712872
0.0
0.15425745
-0.7712872
-0.23138617
-0.46277234
0.23138617
-0.07712872
0.0
0.24999996
0.0
-0.24999996
0.0
0.24999996
0.0
0.24999996
0.6390044
0.085200585
-0.085200585
0.042600293
-0.42600292
-0.12780088
-0.5964041
-0.085200585
0.0
0.0
0.99380916
0.02028182
0.08112728
-0.02028182
0.04056364
0.0
0.23570222
0.0
0.0
0.0
0.23570222
0.0
0.0
0.0
0.0
0.02686065
0.0537213
-0.9938441
-0.02686065
0.02686065
0.02686065
0.02686065
-0.0667402
0.93436277
-0.0333701
-0.23359069
-0.1668505
-0.0333701
0.0333701
0.1668505
-0.5496863
0.36645752
0.09161438
0.18322876
0.09161438
-0.36645752
0.5496863
0.09161438
-0.5154731
-0.11895533
0.713732
-0.039651778
0.0
0.39651778
-0.11895533
-0.15860711
-0.16535945
0.6614378
-0.16535945
-0.16535945
0.16535945
0.0
-0.3307189
-0.3307189
0.0
0.038363915
0.0
0.9974618
0.0
-0.025575943
0.012787972
0.038363915
0.08681289
0.97664505
-0.043406446
0.08681289
-0.10851611
0.043406446
0.06510967
0.08681289
0.13735902
0.0
0.7554746
-0.06867951
-0.34339756
0.48075658
-0.20603853
0.06867951
-0.048391227
-0.9678245
0.048391227
0.0
0.0
-0.09678245
0.14517368
-0.09678245
0.92332816
-0.20518404
0.15388803
0.05129601
-0.15388803
0.0
-0.10259202
-0.15388803
0.24999996
-0.24999996
0.0
0.0
0.0
0.24999996
0.24999996
0.0
0.18951733
0.0
-0.37903467
-0.18951733
-0.18951733
-0.37903467
0.37903467
-0.37903467
0.0
0.99427104
0.0
-0.016299525
0.0651981
0.048898578
0.0
-0.048898578
-0.111423165
-0.041783687
-0.44569266
0.83567375
0.0
0.041783687
0.0
-0.2924858
0.10599294
0.05299647
-0.15898941
0.05299647
-0.95393646
-0.05299647
0.10599294
0.10599294
0.0
-0.22802188
0.0
0.0
-0.22802188
-0.8360802
-0.38003647
0.07600729
0.33704597
0.0
0.44939464
-0.22469732
-0.67409194
-0.11234866
-0.22469732
-0.11234866
0.37164134
0.074328266
-0.557462
0.18582067
0.037164133
0.22298479
-0.037164133
-0.6689544
0.97235394
-0.038131528
0.11439458
-0.05719729
-0.038131528
-0.038131528
-0.17159188
0.038131528
0.0
-0.015000743
0.96004754
0.25501263
0.06000297
-0.07500371
0.0
0.04500223
-0.73293245
0.18323311
0.24431083
0.061077707
0.48862165
0.24431083
-0.18323311
0.061077707
-0.08852289
-0.07376908
-0.014753815
0.05901526
-0.044261444
0.014753815
-0.9885056
-0.044261444
0.61152375
0.0
0.0
-0.20384124
0.0
0.40768248
0.0
-0.20384124
-0.026336309
0.9876116
0.09217708
-0.026336309
0.03950446
0.052672617
0.052672617
0.07900892
0.11096107
0.0
-0.11096107
-0.11096107
0.11096107
0.11096107
0.22192214
-0.8876886
-0.33523563
-0.50285345
0.0
-0.50285345
0.0
-0.16761781
0.33523563
0.0
0.45454448
0.35353458
0.6060593
0.10100988
0.10100988
0.35353458
-0.35353458
0.10100988
-0.27194464
0.16316679
0.05438893
-0.5982782
-0.27194464
0.48950037
0.10877786
0.43511143
0.0
0.0
-0.21209124
0.21209124
0.21209124
0.0
0.21209124
0.63627374
0.917647
-0.19117646
0.114705876
0.22941175
0.19117646
0.0
0.03823529
-0.07647058
0.0
-0.026735563
0.98921585
-0.053471126
-0.053471126
0.0
0.08020669
0.053471126
0.0
0.24743581
0.0
0.0
-0.24743581
0.24743581
0.0
0.0
0.0
0.014247959
0.0
-0.9973571
-0.042743877
0.0
0.028495917
-0.028495917
0.047434136
0.9961168
0.0
0.015811378
0.031622756
-0.031622756
-0.015811378
-0.031622756
-0.30258274
0.41605127
0.30258274
0.34040558
0.34040558
-0.37822843
0.4538741
0.22693706
-0.065901615
-0.065901615
0.9885242
-0.032950807
-0.032950807
0.032950807
-0.032950807
-0.032950807
0.30589667
0.20393111
0.20393111
-0.40786222
-0.101965554
-0.101965554
-0.20393111
-0.7137589
0.030028528
0.030028528
0.030028528
0.9909414
-0.04504279
-0.015014264
-0.10509985
-0.015014264
-0.030606655
0.9947163
-0.030606655
0.0
0.030606655
0.06121331
0.0
0.045909982
0.3454937
0.024678122
0.5675968
0.0
0.07403436
0.7156655
-0.17274685
-0.07403436
0.18023315
-0.9612435
0.0
-0.06007772
0.06007772
-0.06007772
-0.06007772
0.0
0.98386353
0.0
0.029814046
0.089442134
-0.11925618
0.029814046
-0.029814046
0.0
0.24999996
-0.24999996
0.0
0.0
-0.24999996
0.24999996
0.0
0.0
0.22587699
0.22587699
-0.22587699
-0.22587699
-0.22587699
-0.45175397
0.22587699
0.0
0.035505414
0.9941516
0.017752707
-0.035505414
0.05325812
0.017752707
0.017752707
-0.05325812
-0.104230635
-0.039086487
-0.42995137
0.8468739
0.026057659
0.026057659
0.026057659
-0.28663424
0.042332273
0.12699682
-0.084664546
0.042332273
-0.9736423
0.084664546
0.042332273
0.042332273
0.0
-0.37416574
0.24944383
0.124721915
-0.24944383
-0.62360954
-0.37416574
-0.24944383
0.29354352
-0.14677176
0.14677176
-0.44031528
-0.44031528
-0.29354352
-0.44031528
-0.14677176
0.31621704
0.09034772
-0.63243407
0.18069544
0.09034772
0.18069544
-0.04517386
-0.63243407
0.9758697
-0.017426245
0.087131225
-0.052278735
-0.052278735
-0.017426245
-0.17426245
0.03485249
0.013914406
-0.04174322
0.96009403
0.26437372
0.055657625
-0.027828813
0.013914406
0.027828813
-0.6361985
0.19085956
0.19085956
0.2544794
0.57257867
0.2544794
-0.1272397
0.1272397
-0.046513002
-0.07752167
-0.031008668
0.031008668
-0.031008668
-0.015504334
-0.9922774
-0.046513002
0.19999999
0.19999999
-0.39999998
-0.19999999
-0.39999998
0.39999998
0.0
-0.19999999
-0.01307217
0.993485
0.06536085
-0.02614434
0.03921651
0.03921651
0.02614434
0.05228868
0.0
0.0
0.21650635
-0.21650635
0.0
0.0
0.21650635
-0.649519
-0.29672012
-0.59344023
0.14836006
-0.29672012
0.0
-0.29672012
0.29672012
0.29672012
0.4338301
0.48805887
0.59651643
0.054228764
0.16268629
0.32537258
-0.21691506
0.10845753
-0.10584442
0.15876663
-0.05292221
-0.6350665
-0.31753325
0.4762999
0.26461107
0.37045547
-0.1804006
0.0
-0.5412018
0.1804006
0.1804006
-0.1804006
0.0
0.5412018
0.968272
-0.10016607
0.06677738
0.16694345
0.0
0.0
-0.10016607
-0.03338869
0.0
-0.049552787
0.9910557
-0.049552787
0.0
0.0
0.07432918
0.049552787
0.0
0.0
-0.24052283
0.0
0.0
0.48104566
-0.24052283
-0.24052283
0.014059423
0.014059423
-0.014059423
-0.998219
-0.014059423
-0.014059423
0.014059423
-0.028118845
0.04530397
0.99668735
-0.015101324
0.030202648
0.030202648
-0.015101324
-0.015101324
-0.015101324
-0.31696516
0.4358271
0.27734452
0.3565858
0.31696516
-0.3565858
0.47544774
0.19810322
-0.059707753
-0.029853877
0.98517793
-0.029853877
0.0
0.029853877
-0.08956163
-0.08956163
0.12376778
-0.12376778
0.37130332
-0.4950711
-0.12376778
0.0
-0.24753556
-0.6188389
0.026479028
0.026479028
0.013239514
0.99296355
-0.039718542
-0.026479028
-0.092676595
-0.013239514
-0.015296164
0.99425066
-0.030592328
-0.04588849
0.04588849
0.061184656
-0.015296164
0.015296164
0.2647125
0.06617813
0.6838407
0.022059377
0.022059377
0.63972193
-0.1985344
-0.06617813
0.093145706
-0.9780299
0.0
-0.046572853
0.046572853
-0.093145706
0.046572853
-0.046572853
0.9838077
0.0
0.027327992
0.10931197
-0.054655984
0.054655984
-0.081983976
0.027327992
0.46153843
-0.23076922
-0.23076922
-0.23076922
-0.23076922
0.0
0.23076922
0.0
0.23076922
0.23076922
-0.23076922
-0.46153843
-0.23076922
-0.23076922
0.0
0.0
0.061701663
0.9872266
0.041134443
-0.061701663
0.061701663
-0.020567222
0.041134443
-0.082268886
-0.09272538
-0.026492966
-0.3973945
0.8610214
0.026492966
0.0
0.06623241
-0.29142264
0.033259176
0.1330367
0.033259176
-0.06651835
-0.9312569
0.2993326
0.0
-0.09977753
0.13819268
-0.41457805
0.41457805
0.27638537
-0.13819268
0.27638537
0.0
-0.55277073
0.0
-0.52489066
-0.3499271
-0.3499271
0.17496355
-0.17496355
-0.3499271
-0.17496355
0.13798708
0.06899354
-0.7589289
0.20698062
0.06899354
0.06899354
-0.06899354
-0.5519483
0.97311515
-0.017072195
0.051216587
0.0
-0.06828878
0.0
-0.20486635
0.03414439
0.0
-0.06884281
0.9637994
0.24783413
0.027537126
0.027537126
0.04130569
0.013768563
-0.499937
0.2499685
0.18747637
0.31246063
0.6874134
0.18747637
0.0
0.12498425
-0.032573096
-0.048859645
-0.016286548
0.016286548
0.016286548
0.0
-0.99347943
-0.081432745
0.0
0.14523251
-0.58093005
0.0
-0.43569756
0.29046503
0.0
-0.43569756
0.0
0.9970107
0.04097304
-0.04097304
0.013657681
0.013657681
0.0
0.027315361
-0.24845198
-0.24845198
0.24845198
0.0
-0.24845198
0.0
0.24845198
0.0
-0.14999999
-0.59999996
0.0
-0.29999998
0.14999999
-0.45
0.29999998
0.14999999
0.3981699
0.5308932
0.5972549
-0.06636165
0.2654466
0.2654466
-0.06636165
0.1327233
0.1280191
0.0
-0.1280191
-0.5760859
-0.32004774
0.44806683
0.5120764
0.19202864
0.0
0.0
-0.6896552
0.0
0.3448276
0.1724138
0.0
0.3448276
0.9515184
-0.054372482
-0.054372482
0.08155872
-0.19030368
0.054372482
-0.19030368
-0.027186241
0.0
-0.04959848
0.99196965
-0.04959848
0.04959848
0.02479924
0.02479924
0.04959848
0.23570225
0.0
-0.23570225
0.0
0.0
0.23570225
-0.4714045
-0.23570225
0.016351739
0.016351739
0.0
-0.9974561
0.032703478
-0.032703478
0.0
-0.016351739
0.0332411
0.99723303
-0.01662055
0.01662055
0.0332411
0.0
-0.01662055
-0.01662055
-0.39890543
0.4875511
0.26593697
0.3102598
0.3102598
-0.3102598
0.44322824
0.1772913
0.0
0.056864705
0.96669996
0.0
0.0
-0.028432352
-0.056864705
-0.22745882
-0.1928473
-0.5785419
0.3856946
0.0
-0.1928473
-0.1928473
-0.1928473
-0.1928473
0.026771571
0.026771571
0.0
0.99054813
-0.053543143
-0.040157355
-0.107086286
0.0
0.0
0.99355865
-0.032050278
-0.064100556
0.032050278
0.064100556
-0.016025139
0.016025139
0.20248531
0.08099412
0.74919564
0.0
-0.08099412
0.56695884
-0.22273384
-0.101242654
0.084287785
-0.9693095
-0.042143892
-0.084287785
0.0
-0.084287785
0.12643167
-0.084287785
0.9760861
0.0
0.029578365
0.14789182
-0.029578365
0.088735096
-0.088735096
0.029578365
0.23570222
0.0
0.0
0.0
0.0
0.0
0.23570222
0.0
0.0
0.23570225
-0.23570225
-0.4714045
-0.23570225
0.0
0.0
0.23570225
0.0655903
0.9838545
0.043726865
-0.0655903
0.043726865
-0.021863433
0.08745373
-0.08745373
-0.060412176
-0.015103044
-0.34737
0.8910796
0.045309134
0.0
0.060412176
-0.2718548
0.062469024
0.12493805
0.09370354
-0.09370354
-0.9058009
0.34357962
-0.031234512
-0.12493805
0.35064638
-0.35064638
0.17532319
0.0
0.26298478
0.70129275
-0.17532319
-0.26298478
-0.21295886
-0.53239715
-0.4259177
-0.10647943
0.53239715
0.21295886
-0.10647943
-0.21295886
0.18969887
-0.09484944
-0.5690966
0.18969887
-0.18969887
0.09484944
-0.18969887
-0.66394603
0.96844965
-0.018272635
0.03654527
0.03654527
-0.07309054
0.0
-0.21927162
0.054817904
0.015748512
-0.07874256
0.9606592
0.23622768
-0.015748512
0.07874256
0.07874256
-0.015748512
-0.44624275
0.1912469
0.1912469
0.3187448
0.7012386
0.25499585
0.0
0.1912469
-0.03426444
0.01713222
0.0
0.01713222
0.03426444
0.0
-0.9936688
-0.085661106
-0.28846154
0.0
-0.7692308
0.0
-0.28846154
0.28846154
0.0
-0.28846154
0.015569971
0.99647814
0.031139942
-0.046709914
-0.015569971
-0.015569971
-0.015569971
0.031139942
-0.24999996
0.0
0.0
0.24999996
-0.24999996
0.0
0.0
-0.24999996
0.0
-0.4714045
0.0
-0.31426966
0.0
-0.4714045
0.4714045
-0.15713483
0.35889953
0.50245935
0.57423925
-0.21533972
0.35889953
0.21533972
-0.14355981
0.07177991
0.15201458
-0.07600729
0.0
-0.532051
-0.15201458
0.38003647
0.68406564
0.07600729
0.0
0.0
-0.24845198
-0.24845198
0.24845198
0.24845198
0.0
0.24845198
0.8898173
-0.052342195
-0.13085549
0.052342195
-0.34022427
0.078513294
-0.23553988
-0.052342195
0.0247612
-0.0247612
0.990448
0.0
0.0990448
0.0
-0.0247612
0.0495224
0.24845198
0.0
-0.24845198
0.0
0.0
0.24845198
-0.24845198
-0.24845198
0.0
0.01991255
0.01991255
-0.9956275
0.059737653
-0.01991255
-0.01991255
-0.01991255
0.0
0.9972368
-0.01917763
0.01917763
0.03835526
0.0
0.01917763
0.0
-0.45433062
0.5111219
0.17037398
0.28395665
0.28395665
-0.28395665
0.45433062
0.17037398
0.028397944
0.113591775
0.9371321
0.0
0.0
-0.056795888
-0.028397944
-0.3123774
0.0
-0.23570225
0.0
0.0
0.23570225
-0.23570225
-0.4714045
-0.23570225
0.014766678
0.044300035
0.014766678
0.9893674
-0.07383339
-0.029533356
-0.10336675
0.0
-0.017436838
0.99389976
-0.034873676
-0.05231051
-0.017436838
0.05231051
0.034873676
0.034873676
0.2041237
0.068041235
0.77113396
0.0
-0.13608247
0.5216495
-0.2268041
-0.11340205
0.039935328
-0.9584479
-0.079870656
-0.15974131
0.0
-0.119805984
0.119805984
-0.079870656
0.956923
-0.039871793
0.07974359
0.19935897
-0.039871793
0.119615376
-0.07974359
0.039871793
0.0
0.0
0.0
0.0
0.23570222
0.0
0.23570222
0.0
-0.23570225
0.4714045
-0.23570225
-0.23570225
-0.23570225
0.0
0.0
0.0
0.045026224
0.9905769
0.022513112
-0.045026224
0.022513112
0.022513112
0.067539334
-0.067539334
-0.052089266
0.017363088
-0.34726176
0.9028806
0.052089266
0.017363088
0.06945235
-0.22572015
0.037138496
0.07427699
0.11141549
-0.07427699
-0.9284624
0.29710796
-0.037138496
-0.11141549
0.3607622
-0.28860977
0.14430489
-0.07215244
0.57721955
0.57721955
-0.07215244
-0.21645734
-0.2416223
-0.54365015
-0.30202788
-0.060405575
0.6644613
0.18121672
-0.12081115
-0.18121672
0.40786222
-0.101965554
-0.20393111
0.30589667
-0.20393111
0.20393111
-0.101965554
-0.7137589
0.96336234
0.0
0.02094266
0.06282798
-0.06282798
0.0
-0.23036925
0.08377064
0.0
-0.1052455
0.94720954
0.25258923
-0.0210491
0.1052455
0.1052455
-0.0420982
-0.377861
0.1511444
0.22671661
0.3022888
0.755722
0.22671661
0.0
0.1511444
-0.041178018
0.061767027
0.061767027
0.041178018
0.041178018
0.020589009
-0.9882724
-0.082356036
-0.2766331
0.06915828
-0.8298993
-0.06915828
-0.20747483
0.3457914
0.06915828
-0.13831656
0.0
0.9947255
-0.018420843
-0.07368337
0.018420843
-0.036841687
0.0
0.018420843
0.0
0.0
0.0
0.0
0.0
0.0
0.23570222
-0.23570222
0.0
-0.33523563
0.33523563
0.0
-0.16761781
0.0
0.50285345
-0.50285345
0.39271116
0.4712534
0.5497956
-0.2356267
0.39271116
0.2356267
-0.07854223
0.0
0.19502687
-0.09751344
0.09751344
-0.4875672
0.0
0.39005375
0.68259406
-0.09751344
0.0
0.0
0.24999996
0.0
0.24999996
0.0
0.24999996
0.24999996
0.82300884
-0.031654187
-0.22157931
0.031654187
-0.41150442
0.09496256
-0.28488767
-0.06330837
0.050235875
0.0
0.97959954
0.050235875
0.15070763
-0.050235875
-0.050235875
0.050235875
0.23570222
0.0
-0.23570222
0.0
0.0
0.0
0.0
0.0
0.0
0.0226513
0.0226513
-0.9966572
0.0226513
-0.0226513
0.0226513
0.0
-0.04060542
0.99483275
-0.02030271
0.0
0.060908128
-0.02030271
0.02030271
0.02030271
-0.51732564
0.51732564
0.073903665
0.29561466
0.14780733
-0.29561466
0.443422
0.14780733
0.0
0.14648882
0.9082306
0.0
0.0
-0.029297762
-0.029297762
-0.3808709
0.183303
0.183303
0.0
-0.366606
0.549909
0.183303
-0.183303
-0.366606
0.015526743
0.031053485
0.04658023
0.99371153
-0.04658023
-0.031053485
-0.06210697
0.015526743
-0.02059337
0.98848176
0.0
-0.02059337
-0.06178011
0.102966845
0.06178011
0.02059337
0.1696369
0.113091275
0.7633661
-0.056545638
-0.19790973
0.5089107
-0.25445536
-0.056545638
0.036321122
-0.94434917
-0.072642244
-0.1816056
0.036321122
-0.1816056
0.10896337
-0.10896337
0.9421053
-0.10467836
0.15701754
0.15701754
0.0
0.15701754
-0.05233918
0.05233918
0.0
0.0
0.0
0.0
0.0
0.0
0.23570222
0.23570222
-0.24743581
0.24743581
0.0
0.0
-0.24743581
0.0
0.0
0.0
0.0496596
0.99319196
0.0
-0.0248298
0.0
0.0496596
0.0496596
-0.0248298
-0.041959
0.0209795
-0.3146925
0.92309797
0.0209795
0.0
0.083918
-0.18881549
0.045452967
0.045452967
0.18181187
-0.1363589
-0.90905935
0.2727178
-0.090905935
-0.1363589
0.17950548
-0.08975274
0.17950548
-0.08975274
0.7180219
0.4487637
-0.08975274
-0.35901096
-0.097009875
-0.5335543
-0.29102963
0.048504937
0.72757405
0.24252468
-0.048504937
-0.097009875
0.35790944
-0.119303145
-0.119303145
0.119303145
-0.35790944
0.23860629
-0.119303145
-0.7158189
0.98088205
0.027246723
0.0
0.054493446
0.027246723
0.0
-0.16348034
0.027246723
-0.031265028
-0.062530056
0.93795085
0.25012022
-0.031265028
0.12506011
0.15632513
-0.062530056
-0.3288704
0.21924692
0.21924692
0.21924692
0.76736426
0.21924692
0.0
0.10962346
-0.045655336
0.068483
0.09131067
0.068483
0.045655336
0.045655336
-0.98158973
-0.09131067
-0.23446135
0.058615338
-0.82061476
-0.058615338
-0.058615338
0.4689227
0.0
-0.117230676
-0.023616131
0.9918775
-0.047232263
-0.07084839
0.047232263
-0.023616131
0.023616131
0.023616131
0.0
0.0
0.0
-0.23570222
0.0
0.0
0.0
-0.23570222
-0.12984414
-0.2596883
0.38953245
0.0
-0.2596883
0.5193766
0.5193766
-0.12984414
0.48300362
0.48300362
0.48300362
-0.19320145
0.3864029
0.19320145
0.0
0.0
0.36309218
-0.121030726
0.121030726
-0.4841229
0.0
0.24206145
0.6051536
-0.24206145
0.0
0.0
0.23570222
0.0
0.0
0.0
0.0
0.23570222
0.7647264
-0.0424848
-0.2549088
0.0424848
-0.5098176
0.0849696
-0.2549088
0.0
0.06372476
-0.03186238
0.95587146
0.09558715
0.22303668
-0.03186238
-0.09558715
0.06372476
0.23570222
0.0
0.0
0.0
0.0
0.23570222
0.0
0.0
0.0
0.02426063
0.0
-0.9946859
-0.04852126
0.0
0.04852126
0.02426063
-0.048464246
0.99351704
-0.024232123
0.0
0.024232123
-0.048464246
0.048464246
0.0
-0.49888766
0.37416574
0.0
0.24944383
0.124721915
-0.37416574
0.49888766
0.124721915
-0.03913228
0.1956614
0.9000424
0.0
0.07826456
-0.07826456
-0.03913228
-0.3521905
0.3399346
0.3399346
-0.1699673
-0.3399346
0.3399346
0.3399346
-0.1699673
-0.3399346
0.017769517
0.017769517
0.035539035
0.995093
0.0
-0.035539035
-0.053308554
0.035539035
0.04699695
0.986936
-0.023498476
0.0
-0.04699695
0.11749238
0.04699695
0.023498476
0.110730365
0.07382024
0.7751125
-0.07382024
-0.25837085
0.47983158
-0.25837085
-0.03691012
-0.045359354
-0.9525464
-0.045359354
-0.09071871
0.045359354
-0.22679678
0.09071871
-0.045359354
0.9283699
-0.21423921
0.14282614
0.07141307
0.0
0.07141307
-0.14282614
0.0
-0.24845198
-0.24845198
0.24845198
-0.24845198
0.0
0.0
0.0
0.24845198
0.0
0.0
0.0
0.2211083
-0.4422166
-0.2211083
0.4422166
-0.2211083
-0.045406096
0.953528
0.045406096
0.13621828
0.09081219
0.18162438
0.045406096
-0.09081219
-0.059142653
-0.09857109
-0.45342702
0.74914026
0.059142653
-0.039428435
0.07885687
-0.45342702
-0.46762988
0.46762988
-0.13360853
0.13360853
-0.26721707
0.40082562
0.46762988
0.20041281
-0.24753556
-0.12376778
0.24753556
0.37130332
0.6188389
-0.24753556
-0.12376778
-0.37130332
0.3928371
0.1309457
0.1309457
-0.3928371
-0.6547285
0.0
-0.2618914
0.1309457
0.41203317
0.16481327
-0.41203317
0.20601659
-0.041203316
0.20601659
-0.20601659
-0.7004564
0.9679914
0.023609547
-0.023609547
-0.09443819
0.023609547
0.047219094
-0.21248592
-0.023609547
0.08034263
-0.11247968
0.948043
0.27316493
0.0
-0.0642741
0.016068526
0.03213705
-0.6257568
0.2681815
0.17878766
-0.08939383
0.536363
0.2681815
-0.2681815
0.0
0.0
-0.07631857
-0.05723893
0.038159285
0.019079642
-0.019079642
-0.9921414
0.038159285
0.2305733
0.0
0.80700654
-0.11528665
-0.11528665
0.2305733
-0.2305733
-0.2305733
-0.08774327
0.97979987
-0.14623879
-0.058495514
0.0146238785
0.0146238785
0.058495514
0.043871634
0.0
0.0
0.0
0.0
-0.16535945
0.16535945
0.16535945
-0.82679725
-0.16535945
-0.49607837
0.0
-0.49607837
0.0
-0.3307189
0.3307189
-0.16535945
0.19952466
0.3990493
0.6650822
0.0
0.0
0.3990493
-0.3990493
-0.06650822
-0.15425745
0.07712872
-0.3856436
-0.3856436
-0.15425745
0.6170298
0.07712872
0.46277234
0.0
-0.15907899
-0.7953949
0.0
0.15907899
0.0
0.0
0.31815797
0.92229235
-0.17079487
0.034158975
-0.17079487
-0.2732718
0.0
-0.034158975
0.06831795
0.0
-0.11339996
0.9071997
0.0
-0.22679992
0.05669998
-0.2834999
-0.05669998
0.0
0.24743581
0.0
-0.24743581
0.0
0.24743581
0.0
0.0
0.023044847
0.0
-0.023044847
-0.9909284
0.0
0.046089694
0.046089694
-0.09217939
0.044291515
0.97441334
0.066437274
0.110728785
0.1550203
-0.044291515
0.0
-0.044291515
-0.32906783
0.36563092
0.402194
0.36563092
0.36563092
-0.32906783
0.402194
0.21937855
-0.051363625
0.0
0.9759089
0.0
0.051363625
-0.10272725
0.10272725
0.0
0.48300362
0.19320145
-0.096600726
-0.48300362
-0.19320145
0.0
-0.19320145
-0.5796044
0.0
0.099906065
0.049953032
0.97408414
-0.1498591
-0.024976516
-0.099906065
-0.024976516
0.08561156
0.98453295
-0.06420867
-0.10701445
0.04280578
0.0
0.04280578
0.02140289
0.42105103
0.21052551
0.57894516
0.02631569
-0.02631569
0.60526085
-0.2631569
0.02631569
0.0
-0.97229695
0.1620495
0.0324099
0.0324099
0.0648198
-0.0648198
0.0972297
0.9865443
0.0
0.03653868
0.03653868
-0.03653868
-0.07307736
-0.03653868
-0.07307736
0.0
-0.24999996
0.24999996
0.0
-0.24999996
0.0
0.0
0.24999996
0.0
0.22587699
0.0
0.0
-0.45175397
-0.45175397
0.22587699
0.0
0.0
0.9703486
0.044106755
0.08821351
0.08821351
0.08821351
0.0
-0.13232027
-0.034065053
-0.08516263
-0.4428457
0.74943113
0.08516263
-0.068130106
0.15329275
-0.4428457
-0.4216104
0.3689091
-0.1054026
0.0527013
-0.527013
0.47431168
0.3689091
0.1054026
-0.35053295
-0.23368862
0.35053295
0.11684431
0.46737725
0.46737725
0.11684431
-0.35053295
0.18633899
0.0
-0.37267798
-0.55901694
0.0
-0.18633899
-0.37267798
0.18633899
0.3317753
0.16588765
-0.3870712
0.11059177
0.0
0.16588765
-0.22118354
-0.7741424
0.961887
0.041821174
-0.020910587
-0.06273176
-0.020910587
0.041821174
-0.25092703
0.0
0.056790445
-0.11358089
0.95123994
0.26975462
0.014197611
-0.042592835
0.028395222
0.042592835
-0.5496863
0.5496863
0.09161438
0.0
0.5496863
0.09161438
-0.09161438
0.0
-0.01871201
-0.07484804
-0.03742402
0.05613603
0.05613603
0.0
-0.99173653
0.0
-0.13951996
0.0
0.83711976
0.0
-0.13951996
0.0
-0.13951996
-0.27903992
-0.05472267
0.98500806
-0.15048735
-0.027361335
0.013680668
0.013680668
0.027361335
0.027361335
0.0
0.0
0.22587699
0.0
0.0
0.0
0.0
-0.67763096
-0.15713483
-0.6285393
0.0
-0.4714045
-0.15713483
-0.31426966
0.15713483
0.0
0.20648995
0.48180988
0.6194699
-0.06882998
0.06882998
0.4129799
-0.34414992
0.06882998
0.150289
-0.0751445
-0.52601147
-0.300578
-0.2254335
0.52601147
0.3757225
0.300578
-0.121030726
0.0
-0.84721506
0.0
0.121030726
0.0
0.0
0.36309218
0.90452796
-0.120603725
0.0
-0.15075466
-0.33166024
0.030150931
-0.15075466
0.060301863
-0.056428563
-0.112857126
0.84642845
0.056428563
-0.16928568
-0.056428563
-0.4514285
-0.056428563
0.0
0.0
-0.23570225
-0.23570225
0.23570225
0.23570225
-0.4714045
0.0
0.022570383
0.045140766
-0.045140766
-0.9930968
0.0
0.0
0.022570383
-0.067711145
0.06884268
0.9637975
0.06884268
0.13768536
0.18358047
-0.02294756
-0.04589512
-0.04589512
-0.4046355
0.4046355
0.36785042
0.3310654
0.3310654
-0.3310654
0.4046355
0.18392521
0.0
0.07862659
0.94351906
0.039313294
0.07862659
-0.19656646
0.07862659
-0.19656646
0.1724138
0.0
0.1724138
-0.1724138
-0.3448276
0.1724138
-0.1724138
-0.6896552
-0.023602972
0.09441189
0.07080892
0.9677218
-0.14161783
-0.047205944
-0.14161783
-0.047205944
0.085513666
0.98340714
-0.06413525
-0.10689208
0.06413525
0.042756833
0.0
0.021378417
0.3223007
0.25784054
0.6660881
0.042973425
-0.042973425
0.55865455
-0.25784054
0.0
0.029061742
-0.9880992
0.11624697
0.029061742
0.0
0.029061742
0.0
0.029061742
0.9819665
0.0
0.07273826
0.10910739
-0.03636913
0.0
-0.03636913
-0.07273826
0.24999996
-0.24999996
0.0
0.0
0.0
0.24999996
0.0
-0.24999996
0.24052283
0.0
0.0
-0.24052283
-0.48104566
0.0
-0.24052283
0.0
0.0
0.9684499
0.042106517
0.042106517
0.08421303
0.08421303
0.042106517
-0.16842607
-0.01601897
-0.048056908
-0.40047425
0.7689105
0.06407588
-0.096113816
0.2082466
-0.4325122
-0.23461413
0.23461413
0.0
-0.11730707
-0.6256377
0.6256377
0.2737165
-0.078204714
-0.2254335
-0.2254335
0.2254335
-0.0751445
0.300578
0.82658947
0.0
-0.150289
0.0
-0.36309218
-0.36309218
-0.24206145
0.72618437
0.0
-0.121030726
0.121030726
0.24244818
0.08081606
-0.16163212
0.08081606
-0.08081606
0.16163212
-0.16163212
-0.8889767
0.94864255
0.019360052
-0.038720105
-0.038720105
-0.07744021
0.05808016
-0.29040077
0.0
0.042362895
-0.14120965
0.94610465
0.2824193
0.014120965
0.0
0.02824193
0.02824193
-0.5072033
0.6086439
0.0
0.0
0.5072033
0.10144065
0.10144065
0.10144065
-0.036563586
-0.018281793
0.018281793
0.07312717
0.109690756
0.018281793
-0.98721683
-0.054845378
-0.37267798
0.0
0.37267798
0.18633899
-0.18633899
0.0
-0.18633899
-0.55901694
-0.0145278815
0.98789597
-0.14527881
-0.029055763
0.0
0.0
0.0
0.0145278815
0.0
0.0
0.24743581
0.24743581
0.0
0.0
0.0
-0.24743581
-0.16535945
-0.6614378
0.0
-0.3307189
-0.16535945
-0.3307189
0.16535945
0.16535945
0.22607234
0.5275021
0.5275021
-0.15071489
0.075357445
0.45214468
-0.30142978
0.15071489
0.3076019
-0.23070142
-0.38450238
-0.15380095
0.0
0.38450238
0.6921043
0.076900475
0.0
0.0
-0.7856742
-0.2618914
0.2618914
0.1309457
-0.1309457
0.2618914
0.8597812
-0.083204634
-0.11093951
-0.16640927
-0.3882883
0.083204634
-0.22187902
0.027734878
-0.07
-0.14
0.7
0.14
-0.07
-0.07
-0.63
-0.14
0.24999996
0.0
-0.24999996
0.0
0.0
0.0
-0.24999996
-0.24999996
0.02422501
0.04845002
-0.02422501
-0.9932254
0.04845002
-0.02422501
0.0
-0.04845002
0.08012083
0.934743
0.08012083
0.1869486
0.2403625
-0.053413887
-0.026706943
-0.10682777
-0.4464664
0.4464664
0.32470283
0.32470283
0.32470283
-0.284115
0.40587854
0.16235141
0.06468405
0.16171011
0.8732346
0.1293681
0.09702607
-0.22639418
0.1293681
-0.32342023
0.0
-0.22587699
0.22587699
0.45175397
0.22587699
0.22587699
-0.22587699
-0.22587699
-0.07580955
0.1516191
0.025269851
0.9349845
-0.17688896
-0.050539702
-0.22742866
-0.07580955
0.08762143
0.9857411
-0.043810714
-0.06571607
0.06571607
0.06571607
0.0
0.043810714
0.25994766
0.27994365
0.71985507
0.059987925
-0.09997987
0.49989936
-0.25994766
-0.03999195
0.03012356
-0.99407744
0.06024712
0.0
0.0
0.0
0.0
0.0
0.9381803
-0.044675253
0.13402575
0.22337627
-0.08935051
0.13402575
0.0
-0.08935051
0.0
0.0
0.0
0.0
0.0
0.24743581
0.24743581
-0.24743581
0.0
0.0
-0.23570225
-0.23570225
-0.4714045
0.0
-0.23570225
0.23570225
0.0
0.97250766
0.081042305
0.0
0.081042305
0.040521152
0.0
-0.16208461
0.017054804
-0.034109607
-0.3752057
0.8015758
0.05116441
-0.08527402
0.22171244
-0.3922605
-0.10659897
0.14213197
0.035532992
-0.14213197
-0.7461928
0.5685279
0.21319795
-0.10659897
0.05292221
-0.26461107
0.05292221
-0.21168885
0.4233777
0.7938332
-0.21168885
0.05292221
-0.07431043
-0.520173
-0.29724172
-0.07431043
0.7431043
0.07431043
-0.07431043
-0.14862086
0.2766331
0.0
0.3457914
0.06915828
-0.3457914
0.20747483
-0.13831656
-0.76074106
0.9468936
-0.020584643
-0.06175393
0.020584643
-0.08233857
0.06175393
-0.288185
0.041169286
0.0491341
-0.1474023
0.94992596
0.26204854
0.0
0.016378034
0.0491341
0.0
-0.4738659
0.4738659
0.0
0.0
0.59233236
0.23693295
0.118466474
0.118466474
-0.05651325
0.05651325
0.075351
0.075351
0.1130265
0.0376755
-0.979563
-0.075351
-0.51507866
0.12876967
-0.51507866
0.12876967
-0.12876967
0.12876967
0.0
-0.51507866
0.018474206
0.97913295
-0.18474206
-0.018474206
-0.018474206
-0.018474206
0.0
0.05542262
0.0
0.23570222
0.0
0.0
0.0
0.0
0.0
-0.23570222
-0.18633899
-0.37267798
0.0
-0.37267798
-0.18633899
-0.18633899
0.55901694
0.0
0.2827838
0.49487168
0.49487168
-0.1413919
0.1413919
0.4241757
-0.35347974
0.21208785
0.1733386
-0.26000792
-0.0866693
-0.0866693
0.1733386
0.4333465
0.78002375
0.0
0.0
-0.24494897
-0.24494897
-0.24494897
0.24494897
0.24494897
0.0
0.24494897
0.7930844
-0.11749399
-0.23498797
-0.14686748
-0.46997595
0.14686748
-0.17624098
0.0
0.0
-0.17465411
0.4366353
0.17465411
0.087327056
-0.17465411
-0.7859435
-0.17465411
0.24743581
-0.24743581
0.0
0.24743581
0.0
0.0
0.0
0.0
0.026668929
0.080006786
-0.053337857
-0.98675036
0.080006786
-0.026668929
-0.026668929
-0.053337857
0.05952237
0.92259675
0.089283556
0.2083283
0.26785067
-0.029761186
0.0
-0.11904474
-0.5129601
0.46166408
0.25648004
0.30777606
0.25648004
-0.25648004
0.41036808
0.20518404
0.029853877
0.20897713
0.8657624
0.08956163
0.059707753
-0.14926939
0.11941551
-0.3881004
0.1309457
0.0
0.0
0.2618914
0.7856742
0.2618914
-0.2618914
-0.1309457
-0.110473104
0.16570966
0.0
0.9114031
-0.22094621
-0.027618276
-0.24856448
-0.110473104
0.0
0.9925213
-0.0431531
-0.02157655
0.0
0.064729646
0.02157655
0.064729646
0.25922054
0.25922054
0.7344582
0.08640685
-0.15121199
0.45363596
-0.28082225
-0.08640685
0.0
-0.9863847
-0.03287949
-0.06575898
0.03287949
-0.098638475
0.03287949
-0.03287949
0.84590524
0.0
0.15380095
0.38450238
-0.076900475
0.23070142
0.0
-0.076900475
0.0
0.0
-0.23570222
0.0
0.0
0.0
0.23570222
0.0
0.0
0.24845198
0.0
-0.24845198
-0.24845198
-0.24845198
0.0
0.24845198
-0.03937419
0.9843548
0.03937419
0.0
0.03937419
0.0
0.0
-0.11812258
0.019756492
0.0
-0.37537336
0.84952915
0.059269477
-0.059269477
0.19756493
-0.29634738
-0.04287347
0.04287347
0.0
-0.1286204
-0.8574694
0.4287347
0.17149387
-0.1286204
0.12238384
-0.24476768
0.0
-0.12238384
0.5507273
0.73430306
-0.18357576
0.06119192
-0.055810105
-0.61391115
-0.16743031
0.0
0.72553134
0.0
-0.11162021
-0.16743031
0.3579789
0.07159578
0.3579789
0.07159578
-0.3579789
0.21478733
-0.07159578
-0.7159578
0.962974
-0.027513543
-0.11005417
0.055027086
-0.027513543
0.027513543
-0.22010835
0.027513543
0.023602972
-0.14161783
0.94411886
0.25963268
0.0
0.07080892
0.09441189
-0.047205944
-0.5689468
0.34136808
0.11378936
0.11378936
0.5689468
0.22757871
0.0
0.22757871
-0.0795834
0.0530556
0.13263899
0.13263899
0.1591668
0.0795834
-0.95500076
-0.0795834
-0.37053102
0.0741062
-0.8151682
0.0
-0.0741062
0.2964248
0.0741062
-0.2223186
-0.023137188
0.9717619
-0.20823468
-0.046274375
0.0
-0.023137188
0.0
0.06941156
0.0
0.23570222
0.0
0.0
0.0
0.0
0.0
-0.23570222
-0.21209124
-0.42418247
0.21209124
-0.21209124
-0.21209124
0.21209124
0.42418247
0.0
0.30491066
0.457366
0.457366
-0.076227665
0.076227665
0.53359365
-0.30491066
0.228683
0.10414943
-0.3124483
0.0
-0.10414943
0.20829886
0.41659772
0.729046
-0.20829886
0.0
0.0
0.48989794
0.0
0.0
0.24494897
0.0
0.24494897
0.74431574
-0.14177443
-0.31899247
-0.10633083
-0.49621052
0.21266165
-0.10633083
0.0
0.10962346
-0.21924692
0.43849385
0.21924692
0.10962346
0.0
-0.76736426
0.0
0.24999996
0.0
0.0
0.24999996
0.0
0.24999996
0.24999996
0.0
0.0
0.054985486
-0.082478225
-0.98973876
-0.027492743
-0.054985486
0.0
-0.027492743
-0.032932933
0.95505506
0.0987988
0.0987988
0.23053053
-0.032932933
0.0
-0.06586587
-0.5275021
0.5275021
0.075357445
0.30142978
0.15071489
-0.22607234
0.45214468
0.15071489
0.0
0.25399363
0.8466455
0.084664546
0.12699682
-0.16932909
0.084664546
-0.38099045
0.1724138
0.0
0.0
0.0
0.6896552
0.3448276
0.0
-0.3448276
-0.114801675
0.114801675
0.057400838
0.9471138
-0.114801675
0.0
-0.20090294
-0.114801675
-0.050572004
0.9861541
0.0
0.025286002
-0.025286002
0.075858004
0.050572004
0.10114401
0.20082025
0.22950886
0.7459038
0.057377215
-0.17213164
0.45901772
-0.31557468
-0.028688608
-0.03613097
-0.97553617
-0.03613097
-0.10839291
0.0
-0.14452387
0.03613097
-0.03613097
0.80700654
-0.11528665
0.34585994
0.2305733
0.0
0.2305733
0.0
0.0
0.0
0.0
0.0
0.0
0.0
0.0
0.19999994
0.0
0.24999996
0.24999996
0.0
-0.24999996
0.0
-0.24999996
0.0
0.0
0.0
0.99129444
0.0
0.0
-0.039651778
0.0
-0.039651778
-0.039651778
0.023829732
0.023829732
-0.30978653
0.9055298
0.047659464
-0.047659464
0.16680813
-0.21446759
0.0
0.0
0.09817149
-0.24542871
-0.83445764
0.39268595
0.14725724
-0.19634297
0.0
-0.0735035
0.0
-0.147007
0.5145245
0.8085385
-0.0735035
-0.0735035
0.05669998
-0.5669998
-0.22679992
0.11339996
0.73709977
0.11339996
0.0
-0.17009994
0.2681815
0.08939383
0.35757533
0.0
-0.44696915
0.08939383
-0.08939383
-0.71515065
0.97781473
0.0
-0.112824775
0.0
0.07521652
-0.03760826
-0.112824775
0.0
0.0
-0.111724086
0.931034
0.22344817
-0.037241362
0.14896545
0.18620682
-0.037241362
-0.549909
0.183303
0.183303
0.0
0.549909
0.0
0.0
0.183303
-0.02993402
0.02993402
0.11973608
0.14967011
0.11973608
0.089802064
-0.95788866
-0.11973608
-0.34871018
0.058118362
-0.7555387
0.0
-0.058118362
0.4649469
0.058118362
-0.23247345
0.0
0.974469
-0.1886069
-0.031434484
0.031434484
0.0
0.031434484
0.06286897
0.0
0.0
0.0
0.0
0.0
0.0
0.0
0.0
-0.1724138
0.0
0.3448276
-0.1724138
-0.1724138
0.51724136
0.51724136
0.0
0.39271116
0.5497956
0.39271116
0.0
0.07854223
0.4712534
-0.2356267
0.2356267
0.35294116
-0.35294116
0.11764705
-0.11764705
0.35294116
0.11764705
0.58823526
-0.35294116
0.0
0.0
0.0
0.0
0.0
0.23570222
-0.23570222
0.0
0.67199236
-0.19199781
-0.33599618
0.0
-0.5759934
0.19199781
-0.047999453
0.095998906
0.1030402
-0.3091206
-0.1030402
0.3091206
0.3091206
0.2060804
-0.7212814
0.2060804
0.0
0.0
0.0
0.0
0.0
0.19999994
0.0
0.0
0.0
0.0
-0.058025546
-0.9864343
-0.08703832
-0.08703832
0.029012773
0.029012773
-0.07686489
0.96081114
0.07686489
0.11529733
0.19216223
-0.038432445
0.038432445
0.0
-0.46423072
0.46423072
0.0
0.34817302
0.11605768
-0.23211536
0.46423072
0.23211536
0.0
0.30369422
0.78960496
0.18221653
0.18221653
-0.30369422
0.060738843
-0.30369422
0.3608012
0.1804006
-0.1804006
-0.1804006
0.5412018
0.3608012
-0.1804006
-0.1804006
-0.0966728
0.0966728
0.032224268
0.96672803
-0.032224268
0.032224268
-0.16112134
-0.0966728
0.0
0.9822644
0.0
0.095057845
-0.03168595
0.0633719
0.0633719
0.095057845
0.16695264
0.16695264
0.75128686
0.08347632
-0.12521449
0.50085795
-0.29216713
-0.08347632
-0.048166193
-0.96332383
-0.096332386
-0.048166193
0.0
-0.19266477
0.048166193
0.0
0.7058823
-0.35294116
0.2352941
0.11764705
0.0
0.2352941
-0.35294116
-0.11764705
-0.24743581
0.0
0.24743581
0.0
0.0
0.0
0.0
-0.24743581
0.20384124
0.0
0.0
0.20384124
0.0
-0.40768248
0.61152375
0.0
-0.35539943
-0.23693295
0.118466474
0.71079886
0.118466474
0.23693295
0.23693295
-0.23693295
0.07738092
-0.1934523
-0.34821412
0.54166645
0.11607137
-0.30952367
0.1934523
-0.61904734
-0.51194805
0.3981818
0.0
0.22753246
0.62571424
0.17064935
0.22753246
0.17064935
0.107668966
-0.053834483
-0.053834483
0.053834483
0.9151862
0.3230069
-0.053834483
-0.107668966
0.0
-0.30689216
-0.46033823
-0.15344608
-0.46033823
-0.46033823
-0.15344608
0.15344608
0.3091206
0.4121608
-0.3091206
0.4121608
-0.1030402
0.1030402
-0.3091206
-0.51520103
0.95701885
0.029000571
-0.14500286
0.0
0.058001142
0.08700171
-0.203004
-0.058001142
0.0
-0.22080876
0.9273968
0.28705138
0.0
0.022080876
0.0
0.06624263
-0.18633899
0.18633899
0.0
-0.18633899
0.37267798
0.37267798
-0.55901694
0.0
0.0
-0.12598774
0.0
0.050395094
-0.050395094
-0.07559264
-0.98270434
0.050395094
-0.07177991
0.07177991
0.9331388
-0.21533972
0.0
0.07177991
0.07177991
-0.14355981
0.0
0.9366858
-0.33304384
-0.02081524
0.02081524
0.0
0.02081524
-0.08326096
-0.24845198
0.0
0.0
0.0
0.0
0.0
0.0
-0.49690396
0.20786986
-0.41573972
-0.20786986
-0.41573972
0.0
-0.41573972
0.0
0.0
0.18870974
0.49064532
0.49064532
0.075483896
-0.075483896
0.6416131
-0.11322585
0.18870974
0.4712534
0.0
-0.7854223
0.0
-0.15708447
0.15708447
0.07854223
0.2356267
0.0
-0.13819268
-0.8291561
0.0
0.13819268
0.13819268
0.13819268
0.27638537
0.65210176
0.028352251
0.0
-0.42528376
-0.5953973
0.0
-0.1701135
0.056704503
0.100923754
0.20184751
0.9083138
0.0
0.0
0.20184751
0.0
0.0
0.24999996
0.0
0.0
-0.24999996
0.0
0.24999996
-0.24999996
0.0
-0.08975274
-0.26925823
0.0
-0.8975274
0.08975274
0.0
-0.08975274
-0.17950548
0.080255546
0.882811
0.16051109
0.080255546
0.40127772
0.0
-0.040127773
-0.080255546
-0.3887298
0.3455376
0.43192202
0.3887298
0.3023454
-0.3455376
0.3455376
0.21596101
0.19608647
0.13072431
0.78434587
0.19608647
0.065362155
-0.32681078
0.19608647
-0.32681078
0.48063073
0.0
-0.36047304
-0.48063073
-0.36047304
-0.12015768
0.12015768
-0.36047304
0.113582656
0.22716531
0.113582656
0.7950786
-0.45433062
-0.056791328
-0.22716531
0.056791328
0.1733386
0.78002375
-0.0866693
-0.0866693
0.1733386
0.3466772
-0.26000792
0.26000792
0.33961412
0.37357554
0.50942117
0.0
-0.06792282
0.6113054
-0.3056527
0.06792282
0.0
-0.97779065
0.104763284
-0.034921095
-0.034921095
-0.104763284
0.06984219
0.06984219
0.9813169
0.039252676
0.0
-0.07850535
0.11775803
-0.039252676
0.0
-0.039252676
0.0
-0.24999996
0.24999996
0.24999996
0.0
0.0
-0.24999996
0.0
0.19633836
0.19633836
0.19633836
0.0
-0.19633836
-0.3926767
0.58901507
0.0
-0.36576885
0.2438459
0.0
0.7315377
0.12192295
0.2438459
0.12192295
-0.2438459
0.05652305
-0.1130461
-0.36739984
0.6217536
0.084784575
-0.25435373
0.25435373
-0.5652305
-0.5161395
0.4014418
0.057348832
0.057348832
0.45879066
0.45879066
0.344093
0.0
0.0
-0.11743255
0.058716275
0.0
0.82202786
0.5284465
0.0
0.0
0.0
-0.30338868
-0.455083
-0.15169434
0.30338868
-0.60677737
-0.15169434
0.0
0.13819268
0.41457805
0.0
0.27638537
-0.27638537
0.13819268
-0.41457805
-0.55277073
0.9600281
0.0
-0.09600281
0.024000702
-0.024000702
0.072002105
-0.24000703
-0.024000702
-0.043183275
-0.23750801
0.9284404
0.25909966
0.021591637
-0.021591637
-0.021591637
0.08636655
-0.41573972
0.41573972
-0.20786986
0.0
0.41573972
0.20786986
0.0
0.0
-0.084103286
-0.063077465
0.063077465
0.063077465
0.0
-0.021025822
-0.9882136
-0.021025822
-0.22671661
0.0
0.90686643
-0.1511444
0.0
0.0
0.0755722
-0.22671661
0.042399846
0.9327966
-0.33919877
0.021199923
0.042399846
0.0
0.0
-0.08479969
-0.24494897
0.0
0.0
0.0
0.24494897
0.0
0.0
-0.48989794
0.0
-0.67047125
0.0
-0.16761781
-0.16761781
-0.33523563
-0.33523563
0.16761781
0.18594912
0.4834677
0.4834677
0.111569464
-0.074379645
0.632227
-0.037189823
0.26032877
0.6414104
-0.19242314
-0.6414104
0.0
0.0
0.0
0.3207052
0.06414104
0.0
0.0
-0.879888
0.0
0.12569828
0.12569828
0.0
0.25139657
0.64028203
0.026678417
-0.053356834
-0.45353308
-0.56024677
0.026678417
-0.24010575
0.053356834
-0.13690212
0.27380425
0.82141274
0.0
0.13690212
0.13690212
-0.13690212
0.13690212
0.0
0.23570225
0.0
-0.23570225
0.0
0.23570225
-0.4714045
0.23570225
-0.08508772
-0.17017543
0.0
-0.9359649
0.08508772
-0.08508772
-0.08508772
-0.08508772
0.1581039
0.7378182
0.1581039
0.2635065
0.527013
0.0
-0.1054026
-0.1581039
-0.47160816
0.38586122
0.38586122
0.38586122
0.30011427
-0.30011427
0.30011427
0.21436734
0.21989307
0.21989307
0.7036578
0.21989307
0.087957226
-0.3078503
0.21989307
-0.43978614
0.0
0.0
-0.24052283
0.24052283
-0.24052283
0.0
0.0
-0.48104566
-0.07330584
0.3665292
0.2199175
0.51314086
-0.5864467
-0.14661168
-0.3665292
-0.07330584
0.20503855
0.751808
-0.06834618
0.13669236
0.13669236
0.47842327
-0.20503855
0.20503855
0.28582942
0.42874417
0.60024184
0.057165887
-0.057165887
0.5430759
-0.2572465
0.0
0.0
-0.9812798
0.06330837
-0.031654187
0.0
-0.12661675
0.06330837
0.06330837
0.9799265
-0.044542115
0.08908423
0.044542115
0.0
0.044542115
0.044542115
-0.08908423
0.0
0.0
0.23570222
0.0
0.0
0.0
-0.23570222
0.0
0.24845198
0.0
0.24845198
-0.24845198
-0.24845198
0.0
0.24845198
0.0
-0.35790944
0.47721258
0.0
0.5965157
0.119303145
0.119303145
-0.119303145
-0.35790944
0.09681486
-0.09681486
-0.36305574
0.67770404
0.072611146
-0.19362973
0.29044458
-0.508278
-0.38589323
0.3307656
0.110255204
-0.055127602
0.1653828
0.71665883
0.38589323
-0.110255204
0.0
-0.19003783
0.047509458
-0.14252837
0.6651324
0.6651324
-0.047509458
0.19003783
-0.119303145
-0.35790944
-0.35790944
0.0
0.5965157
-0.47721258
0.119303145
-0.119303145
0.103590384
0.103590384
0.5179519
0.103590384
-0.41436154
0.103590384
-0.20718077
-0.62154233
0.9460245
-0.02200057
-0.110002846
0.04400114
-0.06600171
0.110002846
-0.26400685
-0.02200057
-0.043643493
-0.21821746
0.9383351
0.24003921
0.021821747
-0.043643493
-0.043643493
0.06546524
-0.366606
0.549909
0.0
0.183303
0.366606
0.183303
0.183303
0.183303
-0.06036319
0.0
0.10060531
0.06036319
0.06036319
0.0
-0.98593205
-0.06036319
-0.32126004
0.10708667
0.8566934
-0.10708667
0.0
0.0
0.0
-0.21417335
0.107133865
0.91063786
-0.37496853
0.0803504
0.053566933
0.0
0.026783466
-0.053566933
0.0
-0.24845198
0.0
0.0
0.0
0.0
0.0
-0.49690396
0.0
-0.55901694
-0.18633899
-0.18633899
0.0
-0.37267798
-0.37267798
0.18633899
0.1872485
0.4868461
0.4868461
0.0748994
0.0
0.6366449
0.0
0.2621479
0.65223026
-0.2608921
-0.45656115
0.0
0.19566907
0.13044605
0.45656115
0.0
-0.16109486
0.0
-0.8054743
0.0
0.16109486
0.16109486
0.16109486
0.16109486
0.6147256
0.029272646
-0.08781794
-0.4390897
-0.5854529
0.029272646
-0.2634538
0.029272646
-0.4330127
0.4330127
-0.21650635
-0.21650635
0.0
0.21650635
-0.21650635
0.0
0.0
0.0
0.0
-0.24845198
0.0
0.0
-0.49690396
0.0
-0.08539711
-0.08539711
0.0
-0.9393682
0.17079422
0.0
-0.08539711
-0.08539711
0.2340597
0.52663434
0.17554478
0.4096045
0.5851493
-0.11702985
-0.17554478
-0.2340597
-0.51094764
0.40875813
0.35766336
0.35766336
0.25547382
-0.3065686
0.3065686
0.20437907
0.19687095
0.23624516
0.66936123
0.23624516
0.11812258
-0.27561933
0.27561933
-0.4724903
-0.1804006
0.0
0.0
0.5412018
0.5412018
0.1804006
-0.1804006
-0.1804006
-0.15289994
0.45869982
0.0
0.07644997
-0.68804973
-0.15289994
-0.45869982
-0.07644997
0.0
0.86861104
-0.10218953
0.20437907
0.051094767
0.3065686
-0.10218953
0.25547382
0.26398078
0.42236924
0.68635
0.07919423
-0.10559231
0.4487673
-0.2375827
0.0
0.0
-0.9820536
0.033863917
0.0
0.033863917
-0.13545567
0.067727834
0.033863917
0.91904736
-0.1413919
0.21208785
0.1413919
-0.07069595
0.07069595
0.0
-0.1413919
0.0
0.0
0.24743581
0.0
-0.24743581
0.0
-0.24743581
0.0
0.0
0.0
0.0
-0.24743581
-0.24743581
0.0
0.0
0.24743581
-0.37416574
0.37416574
-0.124721915
0.49888766
0.124721915
0.0
-0.24944383
-0.49888766
0.094995834
-0.047497917
-0.4037323
0.73621774
0.023748958
-0.14249375
0.30873647
-0.4037323
-0.20315012
0.20315012
0.06771671
-0.20315012
-0.27086684
0.74488384
0.40630025
-0.20315012
0.08873285
-0.22183213
0.0
-0.1774657
0.62113
0.6654964
-0.13309929
0.22183213
-0.07644997
-0.53514975
-0.15289994
0.0
0.61159974
-0.30579987
0.15289994
-0.38224983
0.13128622
0.06564311
0.590788
0.0
-0.39385867
0.06564311
-0.06564311
-0.6564311
0.942844
-0.07644681
-0.12741135
0.07644681
-0.050964538
0.101929076
-0.2548227
0.0
-0.04985981
-0.19943924
0.9473364
0.19943924
0.04985981
-0.04985981
-0.024929905
0.09971962
-0.24845198
0.24845198
0.0
0.24845198
0.24845198
0.24845198
0.0
0.0
-0.047632426
0.047632426
0.14289728
0.07144864
0.09526485
0.023816213
-0.97646475
-0.047632426
-0.49607837
0.3307189
0.3307189
0.0
0.0
0.16535945
0.16535945
-0.49607837
0.17721803
0.8506466
-0.4607669
0.10633083
0.070887215
-0.070887215
0.0
-0.035443608
0.0
0.0
0.0
0.0
0.0
0.0
0.0
0.0
0.15344608
-0.46033823
-0.15344608
-0.30689216
0.0
-0.46033823
-0.46033823
0.15344608
0.21166137
0.465655
0.465655
0.042332273
0.0
0.67731637
-0.042332273
0.21166137
0.46695513
-0.3113034
-0.1556517
-0.07782585
0.38912925
0.38912925
0.54478097
-0.07782585
0.0
0.0
0.0
0.0
0.23570222
0.23570222
0.0
0.0
0.5794354
-0.032190856
-0.22533599
-0.4184811
-0.61162627
0.12876342
-0.19314513
0.032190856
-0.15169434
0.30338868
-0.7584717
0.0
0.15169434
0.0
-0.30338868
0.0
0.0
0.0
0.24743581
0.0
0.24743581
0.0
-0.24743581
0.0
0.0
-0.07310977
-0.07310977
-0.950427
0.14621954
0.0
0.0
-0.14621954
0.12474098
0.49896392
0.24948196
0.37422293
0.6237049
-0.12474098
-0.24948196
-0.18711147
-0.58487815
0.4386586
0.2193293
0.29243907
0.14621954
-0.29243907
0.36554885
0.2193293
0.1856883
0.23211038
0.6499091
0.27853245
0.13926622
-0.23211038
0.32495454
-0.46422076
0.0
0.0
0.0
0.30338868
0.7584717
0.30338868
-0.15169434
-0.15169434
-0.27863857
0.55727714
0.0
0.0
-0.55727714
-0.06965964
-0.4876175
-0.13931929
-0.13309929
0.8873285
-0.08873285
0.22183213
0.0
0.22183213
-0.044366427
0.26619858
0.24688353
0.3703253
0.7406506
0.12344176
-0.092581324
0.40118572
-0.24688353
0.0
0.0
-0.9749118
-0.040621325
0.0
0.040621325
-0.1624853
0.08124265
0.0
0.7767275
-0.11096107
0.22192214
0.22192214
-0.11096107
0.3328832
0.11096107
-0.22192214
0.0
0.0
0.0
0.0
0.0
0.19999994
0.0
0.0
0.0
0.24845198
0.0
-0.24845198
0.0
-0.24845198
-0.24845198
0.24845198
-0.3307189
0.49607837
-0.16535945
0.3307189
0.16535945
0.16535945
-0.3307189
-0.3307189
0.081679545
-0.027226515
-0.38117123
0.81679547
0.027226515
-0.081679545
0.24503863
-0.32671818
-0.07034539
0.0
-0.07034539
-0.21103616
-0.4924177
0.6331085
0.4924177
-0.14069077
0.17261504
-0.23015338
-0.057538345
-0.11507669
0.5753834
0.69046015
-0.11507669
0.23015338
-0.07052002
-0.56416017
0.07052002
0.14104004
0.56416017
-0.21156007
0.07052002
-0.49364015
0.23418745
0.0
0.4683749
0.0
-0.3903124
0.07806248
-0.15612496
-0.70256233
0.96493554
-0.037112907
-0.14845163
0.07422581
0.037112907
0.07422581
-0.14845163
0.0
-0.11126213
-0.14834951
0.9642718
0.074174754
0.037087377
0.0
0.074174754
0.11126213
-0.24845198
0.24845198
0.0
0.0
0.24845198
0.24845198
0.0
0.24845198
-0.034461882
0.034461882
0.17230941
0.10338564
0.10338564
0.068923764
-0.9649327
-0.034461882
-0.55143106
0.11028621
-0.55143106
-0.11028621
-0.11028621
0.44114485
0.11028621
-0.22057243
0.13168141
0.83398235
-0.48283187
0.13168141
0.13168141
-0.043893807
0.0
-0.043893807
0.0
0.23570222
0.0
0.0
0.0
0.0
0.23570222
0.0
0.0
-0.59999996
0.0
-0.19999999
0.0
-0.19999999
-0.39999998
0.19999999
0.2723477
0.43575633
0.3812868
-0.05446954
-0.10893908
0.708104
-0.05446954
0.21787816
0.27956975
-0.37275964
0.09318991
0.0
0.46594954
0.37275964
0.5591395
-0.18637982
0.0
0.0
0.48989794
0.0
0.0
0.24494897
-0.24494897
0.0
0.60821843
-0.076027304
-0.26609558
-0.30410922
-0.64623207
0.114040956
-0.114040956
0.076027304
0.0
0.17496355
-0.6998542
0.17496355
0.17496355
0.0
-0.3499271
0.17496355
0.0
0.0
0.19999994
0.0
0.0
0.0
0.0
0.0
0.0
-0.06454045
-0.1290809
-0.9681068
-0.06454045
0.0
0.06454045
0.0
0.07291526
0.65623736
0.14583053
0.29166105
0.5833221
-0.07291526
-0.2187458
-0.14583053
-0.6007884
0.36047304
0.12015768
0.24031536
0.12015768
-0.24031536
0.48063073
0.12015768
0.21261963
0.28349283
0.56698567
0.35436603
0.21261963
-0.28349283
0.42523926
-0.28349283
0.22587699
0.0
0.0
0.22587699
0.45175397
0.45175397
0.0
0.0
-0.43830797
0.52596956
0.0
0.0
-0.35064638
0.0
-0.52596956
-0.26298478
-0.09480519
0.9006493
-0.047402594
0.28441557
-0.047402594
0.14220779
0.0
0.23701297
0.18813667
0.282205
0.75254667
0.1411025
-0.047034167
0.47034168
-0.23517084
-0.047034167
-0.05624977
-0.95624614
-0.11249954
0.0
0.0
-0.16874932
0.05624977
0.11249954
0.7338588
-0.14677176
0.14677176
0.0
-0.14677176
0.44031528
0.0
-0.14677176
0.0
0.0
0.0
0.0
0.0
0.19999994
0.0
0.0
0.24999996
0.0
0.0
-0.24999996
0.0
-0.24999996
0.0
0.24999996
-0.12192295
0.8534606
-0.12192295
0.2438459
-0.12192295
0.12192295
-0.12192295
-0.12192295
0.09549028
0.0
-0.3183009
0.89124256
0.03183009
0.0
0.19098055
-0.22281064
0.07291526
-0.14583053
0.07291526
-0.29166105
-0.51040685
0.5833221
0.4374916
-0.2187458
0.09941907
-0.29825723
0.0
0.0
0.49709535
0.6959335
0.0
0.29825723
0.0866693
-0.4333465
0.1733386
0.1733386
0.6933544
0.0866693
0.0866693
-0.4333465
0.25253782
0.084179275
0.3367171
0.0
-0.42089638
0.084179275
0.0
-0.7576135
0.97009873
-0.048504937
-0.048504937
0.0
0.14551482
-0.048504937
0.097009875
0.048504937
-0.24431083
-0.12215541
0.9161656
-0.061077707
0.0
-0.061077707
0.12215541
0.18323311
-0.24743581
0.0
0.0
0.24743581
0.0
0.0
0.0
0.24743581
-0.038517874
0.0
0.19258937
0.11555362
0.038517874
0.07703575
-0.96294683
-0.038517874
-0.30402917
0.0
-0.60805833
-0.15201458
-0.07600729
0.60805833
0.0
-0.30402917
0.08055364
0.7249828
-0.5638755
0.16110729
0.24166092
-0.08055364
0.08055364
0.0
0.0
0.0
0.0
0.0
0.0
0.0
0.0
0.0
0.0
-0.24052283
0.0
0.0
-0.24052283
0.0
-0.48104566
0.24052283
0.14903268
0.5216144
0.37258172
-0.14903268
-0.29806536
0.5961307
0.07451634
0.22354902
0.30432194
-0.4057626
0.10144065
0.0
0.5072033
0.2028813
0.5072033
-0.30432194
0.0
0.0
0.19999994
0.0
0.0
0.0
0.0
0.0
0.557692
-0.15209782
-0.25349635
-0.20279709
-0.7097898
0.15209782
-0.05069927
0.10139854
-0.09751344
0.0
-0.7801075
0.09751344
0.19502687
-0.09751344
-0.4875672
0.09751344
0.0
0.0
0.0
0.0
0.0
0.0
0.0
0.0
0.0
-0.12125429
-0.060627144
-0.9700343
-0.060627144
0.0
0.060627144
0.060627144
-0.098452464
0.68916726
0.098452464
0.39380985
0.4922623
-0.098452464
-0.098452464
-0.098452464
-0.58901507
0.19633836
0.0
0.19633836
0.0
-0.19633836
0.3926767
0.19633836
0.36047304
0.36047304
0.48063073
0.36047304
0.24031536
-0.36047304
0.24031536
-0.12015768
0.24052283
0.0
-0.24052283
0.0
0.0
0.48104566
0.0
0.24052283
-0.56405234
0.4700436
0.0
0.09400872
-0.28202617
0.0
-0.4700436
-0.28202617
0.04445401
0.93353415
0.04445401
0.26672405
0.0
0.13336203
0.04445401
0.13336203
0.22736643
0.22736643
0.5305217
0.30315524
0.22736643
0.5305217
-0.22736643
-0.30315524
-0.07291526
-0.94789845
-0.07291526
0.0
0.0
-0.14583053
0.07291526
0.14583053
0.50285345
-0.33523563
0.0
0.16761781
-0.16761781
0.33523563
-0.33523563
-0.33523563
-0.24743581
-0.24743581
0.0
0.0
0.0
0.0
-0.24743581
0.0
0.24052283
0.0
-0.24052283
0.0
0.0
0.0
0.48104566
-0.24052283
-0.45214468
0.678217
0.0
0.30142978
0.0
-0.075357445
-0.22607234
0.37678722
0.3699317
-0.43158698
-0.123310566
0.123310566
0.3699317
-0.3699317
0.18496585
-0.55489755
-0.5297285
0.46351242
0.13243212
0.3310803
0.46351242
0.13243212
0.19864818
0.26486424
0.2320819
-0.5221843
-0.2901024
0.058020476
0.5221843
0.40614334
-0.34812286
0.0
0.0
-0.48956043
-0.3263736
-0.1631868
0.1631868
-0.48956043
-0.3263736
-0.1631868
-0.366606
0.183303
0.549909
-0.183303
-0.183303
-0.366606
-0.183303
0.0
0.9629483
-0.07407295
-0.18518238
0.037036475
-0.037036475
-0.07407295
-0.11110942
-0.037036475
-0.12308864
-0.20514773
0.90265
0.28720683
0.041029546
0.041029546
0.041029546
0.16411819
-0.4714045
-0.15713483
0.31426966
-0.15713483
0.31426966
0.31426966
-0.4714045
0.0
-0.063056156
-0.1576404
0.18916847
-0.031528078
0.0
-0.12611231
-0.9458423
0.12611231
0.09278843
0.0
0.8350959
-0.18557686
0.18557686
0.0
0.27836528
-0.27836528
0.1186758
0.9494064
-0.1582344
-0.0395586
0.0
-0.0791172
0.0
-0.197793
0.0
0.0
-0.24743581
0.0
0.24743581
0.0
0.0
-0.24743581
0.0
-0.35524672
-0.35524672
-0.35524672
0.0
-0.53287005
0.17762336
-0.17762336
0.09278843
0.3711537
0.27836528
0.18557686
-0.27836528
0.7423074
0.09278843
0.18557686
0.35615867
-0.21369521
-0.5698539
0.0
0.21369521
-0.6410856
0.0
0.07123174
-0.20384124
0.0
-0.61152375
0.0
0.0
0.20384124
0.0
0.40768248
0.52979654
-0.13244914
0.04414971
-0.26489827
-0.7505451
0.0
-0.22074856
-0.04414971
0.0813487
0.1626974
0.81348705
0.0
0.3253948
0.1626974
-0.2440461
0.2440461
0.24999996
0.0
0.0
-0.24999996
0.0
0.24999996
-0.24999996
0.0
-0.18633899
-0.37267798
-0.37267798
0.0
-0.18633899
-0.18633899
0.0
-0.55901694
-0.23490375
0.313205
0.313205
-0.62641
0.4698075
-0.07830125
-0.23490375
0.1566025
-0.5480505
0.20551895
0.27402526
0.47954422
0.068506315
-0.34253156
0.34253156
0.27402526
0.2596883
-0.12984414
0.38953245
0.2596883
0.12984414
-0.5193766
0.0
-0.5193766
-0.15907899
-0.31815797
0.0
0.15907899
0.31815797
0.15907899
0.31815797
-0.63631594
0.0
0.1764532
0.3529064
0.64699507
-0.41172412
0.058817733
-0.47054186
-0.058817733
0.35475487
-0.08868872
0.26606613
0.35475487
-0.26606613
0.70950973
0.0
0.17737743
0.3772902
0.41921133
0.3772902
0.20960566
-0.04192113
0.6707381
-0.16768453
-0.04192113
-0.04568954
-0.9594804
-0.04568954
-0.04568954
-0.04568954
-0.18275817
0.04568954
0.13706863
0.8906779
0.19085956
-0.1272397
0.0
0.31809926
0.0
-0.06361985
0.1272397
0.0
0.0
0.0
0.0
0.0
0.24743581
-0.24743581
-0.24743581
0.23570225
0.23570225
0.0
0.0
0.23570225
0.0
0.4714045
-0.23570225
-0.41694784
0.694913
-0.069491304
0.41694784
-0.069491304
0.0
-0.20847392
0.27796522
0.44609147
-0.2973943
-0.099131435
0.2973943
0.2973943
-0.34696
0.2973943
-0.5452229
-0.49607837
0.43406856
0.18602939
0.12401959
0.49607837
0.37205878
0.310049
0.062009797
0.15658921
-0.5219641
-0.26098204
-0.10439281
0.46976766
0.5219641
-0.31317842
0.10439281
0.0
-0.26646936
0.0
-0.13323468
0.6661734
-0.5329387
-0.13323468
-0.13323468
-0.32311317
0.10770439
0.75393075
-0.21540879
-0.32311317
-0.10770439
-0.10770439
-0.21540879
0.96397656
-0.056704503
-0.14176126
0.028352251
-0.08505675
-0.028352251
-0.1701135
-0.056704503
-0.17923841
-0.17923841
0.8961921
0.2688576
0.1344288
-0.089619204
0.0
0.1344288
-0.5412018
0.0
0.3608012
0.0
0.3608012
0.1804006
-0.3608012
0.0
-0.07637247
-0.07637247
0.2036599
0.0
0.050914977
-0.050914977
-0.9673846
0.025457488
0.0
0.0
0.83711976
-0.13951996
0.13951996
0.0
0.27903992
-0.13951996
0.20049155
0.9523349
-0.050122887
0.0
0.050122887
0.050122887
0.050122887
-0.15036866
0.0
0.0
-0.24052283
0.24052283
0.0
0.0
-0.24052283
-0.48104566
0.0
-0.40768248
-0.20384124
-0.40768248
0.20384124
-0.40768248
-0.20384124
0.0
-0.17532319
0.17532319
0.17532319
0.087661594
-0.35064638
0.70129275
0.43830797
0.17532319
0.3457914
-0.3457914
-0.41494966
-0.13831656
0.3457914
-0.6224245
0.13831656
0.06915828
0.0
0.0
-0.75806934
0.0
0.0
0.18951733
0.18951733
0.18951733
0.3805053
-0.14268948
0.09512632
-0.3805053
-0.7610106
0.0
-0.28537896
-0.04756316
0.0
0.103590384
0.7251327
0.0
0.41436154
0.103590384
-0.31077117
0.31077117
0.24999996
0.0
0.0
-0.24999996
0.24999996
0.0
-0.24999996
0.0
0.0
-0.4422166
-0.4422166
0.2211083
0.0
-0.2211083
0.0
-0.2211083
-0.18171188
-0.18171188
0.36342376
-0.5451356
0.5451356
-0.18171188
-0.2725678
0.18171188
-0.5912293
0.29561466
0.14780733
0.51732564
0.073903665
-0.29561466
0.29561466
0.221711
0.2516486
0.0
0.2516486
0.41941434
0.08388287
-0.41941434
0.08388287
-0.67106295
-0.39572895
-0.2967967
0.09893224
0.49466118
0.49466118
0.09893224
0.09893224
-0.39572895
0.0
0.30315524
0.45473287
0.22736643
-0.45473287
0.07578881
-0.6063105
-0.15157762
0.2440461
0.1626974
0.1626974
0.4880922
-0.1626974
0.73213834
0.0813487
0.1626974
0.36130968
0.43357164
0.50583357
0.21678582
-0.03613097
0.5780955
-0.14452387
-0.10839291
-0.08369531
-0.96249604
-0.08369531
-0.041847654
0.0
-0.16739061
0.0
0.12554297
0.9359649
0.0
0.0
0.17017543
0.17017543
0.0
0.0
0.08508772
0.0
0.0
0.24999996
0.24999996
0.0
0.24999996
0.0
-0.24999996
0.0
0.0
0.0
-0.23570222
0.0
0.0
0.23570222
0.0
-0.450867
0.52601147
-0.0751445
0.52601147
-0.0751445
-0.0751445
-0.300578
0.300578
0.4489984
-0.26939905
-0.2244992
0.40409857
0.26939905
-0.2244992
0.35919872
-0.49389824
-0.4683749
0.3903124
0.23418745
0.0
0.3903124
0.3903124
0.4683749
0.0
0.17390798
-0.43476996
-0.21738498
-0.21738498
0.47824696
0.5652009
-0.30433896
0.17390798
0.0
-0.37416574
-0.124721915
0.0
0.62360954
-0.49888766
0.124721915
-0.24944383
-0.06787245
0.0
0.74659693
-0.06787245
-0.4072347
0.0
-0.06787245
-0.47510713
0.95669836
-0.08441456
-0.16882911
0.028138187
-0.11255275
0.0
-0.16882911
-0.028138187
-0.14708015
-0.14708015
0.8824809
0.2941603
0.14708015
-0.19610687
-0.049026717
0.09805343
-0.37267798
0.18633899
0.37267798
0.18633899
0.37267798
0.37267798
-0.18633899
0.18633899
-0.024633158
0.0
0.24633157
0.0
0.09853263
-0.024633158
-0.9606932
-0.024633158
-0.19999999
0.19999999
0.59999996
0.0
0.19999999
0.0
0.39999998
0.0
0.49956566
0.7993051
0.0
0.099913135
0.0
0.0
0.099913135
-0.099913135
0.0
-0.24494897
0.0
0.0
0.0
0.0
-0.24494897
-0.48989794
0.0
-0.2211083
-0.2211083
-0.4422166
0.0
-0.4422166
-0.2211083
0.0
-0.15708447
0.2356267
0.15708447
0.0
-0.31416893
0.7068801
0.4712534
0.15708447
0.30402917
-0.45604375
-0.22802188
-0.30402917
0.60805833
-0.30402917
0.15201458
0.15201458
0.0
0.0
-0.48989794
0.0
0.0
0.24494897
0.24494897
0.0
0.116236724
-0.17435509
0.116236724
-0.4649469
-0.81365705
0.058118362
-0.17435509
-0.058118362
0.0
0.0
0.39970404
0.0
0.6661734
0.13323468
-0.39970404
0.26646936
0.0
0.0
0.0
-0.23570222
0.23570222
0.0
0.0
0.0
0.0
-0.18633899
-0.37267798
0.55901694
0.18633899
-0.37267798
0.0
-0.18633899
-0.10041465
0.0
0.4016586
-0.30124396
0.6024879
-0.2008293
-0.4016586
0.30124396
-0.7067387
0.26502702
0.0
0.4417117
0.0
-0.26502702
0.26502702
0.17668468
0.16433555
0.082167774
0.3286711
0.41083887
0.0
-0.24650332
0.16433555
-0.73950994
-0.25253782
-0.16835855
0.084179275
0.25253782
0.84179276
0.084179275
0.0
-0.25253782
0.0
0.32221457
0.32221457
0.0
-0.5638755
0.0
-0.64442915
-0.08055364
-0.07052002
0.56416017
0.07052002
0.49364015
-0.14104004
0.56416017
0.07052002
0.21156007
0.40573502
0.44262
0.51639
0.29508
-0.036885
0.479505
-0.14754
-0.14754
-0.08979968
-0.94289666
-0.08979968
-0.08979968
0.04489984
-0.2244992
0.0
0.13469952
0.71049345
0.17762336
0.0
0.35524672
0.17762336
0.0
0.0
0.17762336
0.0
0.0
0.0
0.0
0.0
0.19999994
0.0
0.0
0.0
0.0
0.0
0.0
0.0
0.0
0.0
0.0
-0.46004534
0.3066969
-0.23002267
0.53671956
-0.07667422
-0.07667422
-0.3833711
0.3833711
0.3670519
-0.22940743
-0.3670519
0.64234084
0.18352595
-0.091762975
0.32117042
-0.32117042
-0.34158844
0.34158844
0.17079422
-0.2561913
0.2561913
0.42698556
0.59777975
-0.08539711
0.23087002
-0.41556603
-0.23087002
-0.23087002
0.46174005
0.55408806
-0.27704403
0.23087002
-0.09615385
-0.48076925
0.28846154
0.0
0.3846154
-0.5769231
0.1923077
-0.28846154
0.0
0.0
0.56353015
-0.12522893
-0.37568676
-0.06261446
-0.12522893
-0.6887591
0.97426516
-0.036083896
-0.18041947
0.0
0.0
0.0
-0.07216779
-0.036083896
-0.21156007
-0.07052002
0.8462403
0.14104004
0.21156007
-0.28208008
0.07052002
0.21156007
-0.4330127
0.0
0.21650635
0.21650635
0.4330127
0.21650635
0.0
0.21650635
0.0
0.0
0.32008946
0.032008946
0.16004473
0.0
-0.92825943
-0.032008946
-0.21209124
0.0
-0.42418247
-0.21209124
-0.21209124
0.21209124
0.42418247
0.21209124
0.51724136
0.51724136
0.0
0.1724138
0.3448276
-0.1724138
0.0
-0.1724138
0.23570222
0.0
0.0
0.0
0.0
0.0
0.0
-0.23570222
0.0
-0.4422166
0.0
-0.2211083
0.0
-0.2211083
-0.4422166
0.2211083
-0.07952888
0.23858665
0.07952888
-0.07952888
-0.3976444
0.7952888
0.23858665
0.15905777
0.08508772
-0.595614
0.08508772
-0.34035087
0.595614
0.17017543
0.25526315
0.08508772
0.0
0.0
0.0
0.0
0.0
0.23570222
0.23570222
0.0
0.21533793
-0.21533793
-0.053834483
-0.53834486
-0.75368273
0.107668966
-0.107668966
0.0
0.0
-0.21209124
0.21209124
0.0
0.63627374
0.0
-0.21209124
0.21209124
0.0
0.0
0.23570222
0.0
0.23570222
0.0
0.0
0.0
0.23570225
-0.23570225
-0.23570225
0.4714045
0.0
-0.23570225
0.0
0.0
-0.10041465
0.2008293
0.4016586
-0.2008293
0.6024879
-0.10041465
-0.5020732
0.2008293
-0.6137843
0.30689216
-0.15344608
0.30689216
0.0
-0.30689216
0.30689216
0.15344608
0.23693295
0.0
-0.23693295
0.59233236
0.118466474
-0.23693295
0.35539943
-0.4738659
0.0
0.0
0.0
0.1145307
0.9162456
0.1145307
-0.1145307
-0.1145307
-0.08602617
0.43013084
0.17205234
-0.34410468
-0.34410468
0.0
-0.68820935
-0.08602617
-0.14506169
0.58024675
0.0
0.58024675
-0.14506169
0.43518507
0.07253084
0.21759254
0.4313012
0.2156506
0.48521385
0.4313012
0.05391265
0.5391265
-0.05391265
-0.16173795
-0.062129334
-0.93194
-0.12425867
-0.062129334
0.0
-0.24851733
0.0
0.12425867
0.22587699
0.22587699
0.22587699
0.0
0.45175397
0.22587699
-0.22587699
0.22587699
0.0
0.0
0.0
0.0
0.0
0.0
0.0
0.0
0.23570222
0.0
0.0
0.0
0.0
-0.23570222
0.0
0.0
-0.35336936
0.35336936
-0.26502702
0.35336936
-0.08834234
-0.08834234
-0.4417117
0.53005403
0.26610565
-0.05322113
-0.31932676
0.85153806
0.15966338
0.0
0.15966338
-0.15966338
0.0
0.08081606
0.08081606
-0.4040803
0.08081606
0.56571245
0.6465285
-0.16163212
0.26486424
-0.39729637
-0.13243212
-0.19864818
0.46351242
0.5959445
-0.26486424
0.19864818
-0.1030402
-0.4121608
0.6182412
0.0
0.4121608
-0.2060804
0.2060804
-0.3091206
0.08975274
0.0
0.35901096
-0.08975274
-0.35901096
-0.08975274
0.0
-0.80777466
0.9645264
0.0
-0.1015291
-0.1015291
0.15229365
-0.05076455
0.05076455
0.0
-0.5237828
0.1309457
0.1309457
-0.2618914
0.1309457
-0.3928371
0.3928371
0.3928371
-0.4714045
0.0
0.23570225
0.0
0.23570225
0.0
-0.23570225
0.23570225
0.03971427
-0.03971427
0.23828562
0.07942854
0.07942854
0.07942854
-0.95314246
0.0
-0.27638537
-0.13819268
-0.55277073
-0.13819268
-0.27638537
0.55277073
0.13819268
0.13819268
0.0
0.0
0.0
0.0
0.67763096
0.0
0.22587699
0.0
0.0
0.24743581
0.0
0.0
0.0
0.0
0.24743581
-0.24743581
-0.24494897
0.0
0.0
0.24494897
-0.24494897
0.24494897
-0.24494897
0.24494897
-0.124721915
0.124721915
0.0
-0.24944383
-0.62360954
0.49888766
0.37416574
0.0
0.0
-0.4898979
0.29393876
-0.19595917
0.4898979
0.39191833
0.39191833
-0.09797958
0.0
0.0
-0.19999994
0.0
0.0
0.0
0.0
0.0
0.34930044
-0.17465022
-0.11643349
-0.5239507
-0.6986009
0.11643349
-0.17465022
0.0
0.0
-0.3499271
0.17496355
0.3499271
0.52489066
0.17496355
-0.3499271
0.17496355
0.0
0.0
0.23570222
0.0
0.23570222
0.0
0.0
0.0
0.0
-0.23076922
0.0
0.46153843
-0.23076922
-0.23076922
-0.23076922
0.23076922
0.0
0.32218972
0.16109486
0.0
0.64437944
0.0
-0.4832846
0.0
-0.4714045
0.23570225
0.0
0.23570225
0.0
-0.23570225
0.23570225
0.0
0.455083
0.15169434
-0.30338868
0.60677737
0.0
-0.30338868
0.15169434
0.0
0.0
0.0
-0.24494897
0.0
0.48989794
0.24494897
0.0
0.0
-0.10529517
0.31588548
0.10529517
-0.52647585
-0.31588548
-0.10529517
-0.63177097
0.0
0.07878545
0.709069
0.1575709
0.5514982
0.0
0.3151418
-0.07878545
0.07878545
0.35199997
0.0
0.0
0.52799994
0.35199997
0.52799994
0.08799999
-0.35199997
-0.09085594
-0.90855944
-0.18171188
0.0
0.0
-0.18171188
0.0
0.18171188
0.0
-0.24999996
0.0
-0.24999996
0.0
0.0
-0.24999996
-0.24999996
0.0
0.0
0.0
0.0
0.0
0.19999994
0.0
0.0
0.23570222
0.0
0.0
0.0
0.0
-0.23570222
0.0
0.0
-0.36576885
0.60961473
-0.2438459
0.2438459
-0.2438459
0.0
-0.2438459
0.36576885
0.2707461
0.0
-0.32489532
0.86638755
0.10829844
0.10829844
0.10829844
-0.10829844
0.1482124
-0.1482124
0.1482124
-0.4446372
-0.1482124
0.5928496
0.5187434
-0.2223186
0.2117647
-0.52941173
-0.10588235
-0.10588235
0.52941173
0.0
-0.31764704
0.4235294
0.0
-0.53851646
0.6282692
0.08975274
0.35901096
0.26925823
0.17950548
-0.08975274
0.18801744
-0.09400872
0.09400872
0.0
-0.3760349
0.09400872
0.09400872
-0.8460785
0.77820724
-0.059862096
0.17958629
-0.17958629
0.23944838
-0.17958629
0.41903466
0.17958629
-0.3466772
0.26000792
-0.6066851
-0.26000792
0.0
-0.4333465
0.0866693
0.3466772
-0.24743581
-0.24743581
0.0
0.0
0.0
-0.24743581
0.0
0.0
0.043518145
-0.043518145
0.21759072
0.08703629
0.043518145
0.08703629
-0.9573992
0.0
-0.08602617
-0.08602617
-0.68820935
-0.17205234
-0.17205234
0.60218316
0.0
-0.17205234
0.0
-0.7216024
0.1804006
0.0
0.3608012
0.0
0.0
0.1804006
0.0
0.0
0.24999996
0.0
-0.24999996
0.0
0.24999996
-0.24999996
-0.24052283
0.0
0.24052283
0.0
0.0
0.0
-0.48104566
0.24052283
-0.21295886
0.21295886
0.21295886
0.0
-0.4259177
0.63887656
0.0
0.4259177
0.0
-0.47213137
0.3777051
-0.18885255
0.47213137
0.28327882
0.3777051
-0.28327882
0.23570222
0.0
-0.23570222
0.0
0.0
0.0
0.0
0.0
0.34798527
-0.26098895
-0.08699632
-0.43498158
-0.69597054
0.17399263
-0.17399263
0.08699632
-0.19999999
-0.39999998
-0.39999998
0.19999999
0.19999999
0.19999999
-0.39999998
0.0
-0.23570222
0.0
0.0
0.0
0.0
0.0
0.23570222
0.0
0.1804006
-0.5412018
-0.1804006
-0.5412018
-0.1804006
0.0
0.0
0.1804006
0.0
0.60677737
-0.15169434
0.455083
0.455083
0.0
0.0
0.0
-0.48104566
0.24052283
0.0
0.24052283
0.0
0.24052283
0.0
0.0
0.30689216
0.0
-0.7672304
0.30689216
0.0
-0.15344608
0.0
0.0
0.24999996
-0.24999996
0.0
-0.24999996
0.0
0.24999996
0.0
0.0
-0.16109486
0.32218972
0.16109486
0.16109486
-0.4832846
-0.32218972
-0.4832846
0.16109486
0.10584442
0.8467554
0.21168885
0.37045547
0.10584442
0.21168885
0.0
-0.10584442
0.09484944
-0.4742472
-0.4742472
0.18969887
0.5690966
0.18969887
0.18969887
-0.18969887
0.0
-0.7953949
-0.15907899
0.0
0.0
-0.15907899
0.0
0.31815797
0.39999998
-0.39999998
0.0
-0.19999999
-0.19999999
-0.19999999
-0.19999999
-0.39999998
0.0
0.0
0.0
0.0
0.0
0.23570222
-0.23570222
0.0
0.0
0.0
0.0
0.0
0.0
0.0
0.0
0.0
0.0
0.92846143
0.11605768
0.0
0.0
0.11605768
0.0
0.0
-0.4032738
-0.1344246
0.2688492
0.0
0.4032738
-0.2688492
-0.2688492
-0.5376984
-0.48956043
0.3263736
0.1631868
0.0
0.48956043
-0.1631868
-0.3263736
-0.1631868
-0.24944383
0.0
0.124721915
-0.124721915
-0.62360954
-0.62360954
0.0
0.0
0.0
-0.16535945
0.0
-0.3307189
0.49607837
-0.49607837
-0.16535945
-0.3307189
-0.2533955
0.0
0.7601865
-0.38009325
-0.2533955
-0.12669775
0.0
0.0
0.9194851
0.0
-0.083589554
-0.083589554
-0.083589554
-0.25076866
-0.083589554
0.083589554
0.0
0.0
-0.32218972
-0.32218972
-0.16109486
-0.64437944
-0.16109486
0.32218972
0.0
0.0
0.0
0.0
0.0
0.0
0.0
0.0
-0.09735401
0.0
0.09735401
0.048677005
0.0
0.048677005
-0.97354007
-0.09735401
0.0
-0.19999994
0.0
0.0
0.0
0.0
0.0
0.0
0.17762336
0.71049345
0.17762336
0.17762336
0.0
0.35524672
0.0
0.0
0.0
0.0
0.0
0.0
0.0
0.0
0.0
0.0
0.0
-0.40768248
0.0
0.0
0.0
-0.20384124
0.61152375
-0.20384124
-0.31426966
-0.31426966
-0.31426966
-0.15713483
-0.15713483
-0.15713483
0.6285393
-0.15713483
0.0
-0.23860629
0.23860629
0.0
0.119303145
-0.835122
0.0
-0.23860629
0.0
0.0
0.0
0.0
0.0
0.0
0.0
0.0
0.4330127
-0.21650635
0.21650635
0.4330127
0.0
-0.21650635
0.0
-0.21650635
-0.103590384
0.103590384
0.93231344
0.0
0.103590384
0.0
0.0
0.103590384
0.0
0.0
0.0
0.0
0.0
0.0
0.0
0.0
0.0
0.0
0.0
-0.48989794
-0.24494897
0.0
0.24494897
0.0
-0.26925823
-0.53851646
0.26925823
-0.6282692
-0.26925823
0.0
0.0
0.17950548
-0.24567011
0.122835055
-0.24567011
0.24567011
0.24567011
-0.36850518
0.49134022
0.49134022
0.24999996
0.0
0.0
0.0
0.0
-0.24999996
0.24999996
-0.24999996
-0.51103085
-0.12775771
0.3193943
0.5749097
0.447152
0.19163656
0.12775771
-0.06387886
0.14999999
0.14999999
-0.14999999
0.74999994
0.29999998
0.0
-0.29999998
0.0
0.815934
-0.1631868
0.0
0.1631868
-0.1631868
0.0
0.0
0.1631868
0.40369502
0.30277127
0.100923754
0.100923754
-0.100923754
0.70646626
0.30277127
-0.20184751
0.0
-0.74535596
-0.18633899
0.18633899
0.0
-0.18633899
0.0
0.18633899
-0.124721915
-0.49888766
0.24944383
0.124721915
-0.62360954
0.124721915
0.24944383
-0.24944383
0.0
0.0
0.0
0.0
0.0
0.19999994
0.0
0.0
0.0
0.0
0.0
0.0
0.0
0.0
0.0
0.0
0.0
0.8822897
0.22057243
0.0
0.0
0.11028621
0.22057243
-0.11028621
0.0
-0.13690212
0.27380425
0.13690212
0.41070637
-0.13690212
-0.27380425
-0.6845106
-0.50285345
0.33523563
0.33523563
-0.16761781
0.33523563
0.33523563
0.16761781
0.0
-0.1631868
-0.1631868
0.0
-0.48956043
-0.48956043
-0.3263736
-0.1631868
0.3263736
0.0
0.0
0.0
-0.16109486
0.64437944
-0.4832846
0.0
-0.32218972
-0.16163212
0.0
0.8081606
-0.24244818
-0.32326424
0.0
0.0
-0.32326424
0.9283699
-0.07141307
-0.14282614
0.0
-0.21423921
-0.07141307
-0.14282614
0.0
0.0
-0.12192295
-0.2438459
-0.12192295
0.0
-0.8534606
-0.2438459
0.0
0.0
0.23570222
0.0
0.23570222
0.0
0.0
0.0
0.0
-0.040192544
0.08038509
0.12057763
0.08038509
0.0
0.040192544
-0.96462107
-0.16077018
0.0
0.0
-0.19999994
0.0
0.0
0.0
0.0
0.0
0.31426966
-0.4714045
0.4714045
0.15713483
-0.15713483
0.31426966
0.0
0.31426966
0.0
0.0
-0.19999994
0.0
0.0
0.0
0.0
0.0
0.0
0.0
0.0
0.0
0.0
-0.24845198
0.49690396
0.0
-0.43849385
-0.3288704
-0.21924692
-0.21924692
-0.10962346
-0.21924692
0.6577408
-0.10962346
-0.2290614
-0.3435921
0.5726535
-0.1145307
0.3435921
-0.4581228
0.2290614
0.0
0.0
0.0
0.0
0.0
0.0
0.0
0.0
0.0
-0.56354266
0.0
0.28177133
0.422657
0.28177133
-0.14088567
0.28177133
-0.28177133
-0.13951996
0.0
0.83711976
0.0
0.13951996
0.0
0.27903992
-0.13951996
0.0
0.0
0.0
0.0
0.0
0.0
-0.19999994
0.0
0.0
0.0
0.24743581
-0.24743581
0.0
0.0
0.0
0.24743581
-0.1344246
-0.5376984
0.4032738
-0.5376984
-0.2688492
0.0
0.0
0.1344246
-0.24944383
0.124721915
-0.24944383
0.37416574
0.24944383
-0.37416574
0.37416574
0.49888766
0.24052283
0.0
0.0
0.24052283
0.24052283
0.0
0.0
-0.48104566
-0.4004804
-0.1001201
0.25030023
0.50060046
0.6507806
0.25030023
0.0
-0.1001201
0.1928473
0.1928473
-0.3856946
0.3856946
0.3856946
0.0
-0.3856946
0.0
0.14999999
0.74999994
0.0
0.29999998
-0.14999999
0.14999999
0.0
0.29999998
0.59347147
0.4239082
0.16956328
0.16956328
0.0
0.5086898
0.16956328
-0.2543449
0.0
-0.6998542
-0.3499271
0.17496355
0.17496355
-0.17496355
0.0
0.17496355
-0.4333465
-0.3466772
0.26000792
0.0866693
-0.6066851
0.0
0.26000792
-0.3466772
0.0
0.0
0.0
0.0
-0.23570222
0.23570222
0.0
0.0
0.24845198
0.0
0.24845198
-0.24845198
-0.24845198
0.0
0.0
-0.24845198
0.0
0.8054743
0.32218972
0.0
0.0
0.0
0.16109486
0.0
0.13207546
-0.26415092
-0.13207546
0.66037726
0.39622638
0.0
0.0
-0.39622638
-0.16109486
0.4832846
0.16109486
-0.32218972
-0.16109486
0.32218972
0.4832846
-0.16109486
0.14677176
-0.29354352
-0.29354352
-0.58708704
-0.29354352
-0.29354352
-0.14677176
0.29354352
0.0
-0.30689216
0.30689216
-0.15344608
0.30689216
-0.6137843
0.15344608
-0.30689216
0.0
0.0
0.71451557
-0.11908593
-0.29771483
-0.059542965
0.0
-0.59542966
0.9393682
-0.08539711
-0.17079422
0.08539711
0.0
-0.08539711
0.0
0.08539711
0.10897247
-0.21794493
-0.10897247
0.0
0.10897247
-0.87177974
-0.21794493
-0.10897247
-0.23570222
0.23570222
0.0
0.0
0.0
0.0
0.0
0.0
0.0
0.13926622
0.23211038
0.09284415
0.046422075
0.046422075
-0.9284415
-0.1856883
0.18633899
0.0
-0.74535596
0.0
0.18633899
0.18633899
0.0
-0.18633899
0.2874798
-0.71869946
0.2874798
0.1437399
-0.1437399
0.0
-0.1437399
0.2874798
0.0
0.0
0.0
0.0
0.0
0.0
0.0
0.0
0.0
0.0
0.0
-0.24743581
0.0
-0.24743581
0.24743581
0.0
-0.29046503
-0.43569756
-0.14523251
-0.29046503
-0.14523251
0.29046503
0.58093005
0.0
-0.34410468
-0.34410468
0.60218316
-0.34410468
0.43013084
0.08602617
0.17205234
0.0
0.0
0.0
0.19999994
0.0
0.0
0.0
0.0
0.0
-0.82141274
0.0
0.27380425
0.0
0.13690212
0.0
0.27380425
0.0
0.0
0.0
0.71049345
0.0
0.17762336
-0.17762336
0.35524672
-0.17762336
0.0
0.0
0.0
0.0
0.0
0.0
0.0
0.0
0.0
0.24494897
0.24494897
-0.24494897
-0.24494897
0.0
-0.24494897
0.24494897
0.0
0.4422166
0.4422166
-0.2211083
0.0
0.2211083
-0.2211083
0.0
-0.31815797
0.15907899
-0.15907899
0.31815797
0.31815797
-0.31815797
0.31815797
0.47723696
0.1699673
0.1699673
-0.6798692
0.1699673
0.1699673
0.3399346
0.1699673
-0.1699673
-0.2581839
-0.103273556
0.20654711
0.30982065
0.82618845
0.2581839
-0.051636778
-0.103273556
0.0
0.30338868
-0.15169434
0.30338868
0.455083
0.0
-0.60677737
0.15169434
-0.3269174
0.76280725
-0.10897247
0.3269174
0.0
0.21794493
0.0
0.21794493
0.7209281
0.18023202
-0.09011601
0.36046404
0.18023202
0.36046404
0.09011601
-0.270348
0.0
-0.63627374
0.0
0.0
0.0
-0.42418247
0.0
0.0
-0.5796044
-0.19320145
0.2898022
0.0
-0.48300362
0.0
0.2898022
-0.3864029
0.0
0.0
0.0
0.0
0.0
0.0
0.0
0.0
0.0
0.0
0.0
0.0
0.0
-0.19999994
0.0
0.0
-0.24494897
0.0
0.0
0.24494897
0.0
0.0
0.0
0.48989794
0.1083329
-0.1083329
-0.2166658
0.8666632
0.2166658
0.1083329
-0.1083329
-0.1083329
0.0
0.2554424
0.1277212
-0.38316363
-0.2554424
0.38316363
0.638606
-0.1277212
0.16109486
-0.16109486
-0.16109486
-0.64437944
-0.4832846
-0.16109486
0.0
0.16109486
-0.15907899
-0.15907899
0.63631594
-0.15907899
0.0
-0.31815797
0.31815797
-0.31815797
0.075357445
0.0
0.45214468
-0.075357445
-0.22607234
0.0
0.0
-0.82893187
0.7801075
0.0
-0.09751344
-0.19502687
0.39005375
-0.19502687
0.19502687
0.19502687
0.11528665
-0.11528665
-0.57643324
-0.11528665
0.11528665
-0.6917199
0.11528665
0.11528665
-0.24999996
0.24999996
0.24999996
-0.24999996
0.0
0.0
0.0
0.0
0.06607141
0.13214283
0.13214283
0.13214283
0.13214283
0.13214283
-0.9249998
-0.13214283
0.1356466
0.0
-0.8138796
0.0
0.0
0.4069398
0.0
0.0
0.40768248
-0.61152375
0.0
0.20384124
0.0
0.0
-0.20384124
0.0
0.0
0.23570222
-0.23570222
0.0
0.0
0.0
0.0
0.0
0.0
0.0
0.0
0.0
0.0
0.24743581
0.24743581
-0.24743581
-0.29354352
-0.29354352
-0.14677176
-0.44031528
-0.44031528
0.44031528
0.14677176
-0.14677176
-0.34538373
-0.34538373
0.60442156
-0.2590378
0.34538373
0.34538373
0.17269187
0.0
0.0
0.0
0.0
0.0
0.0
0.0
0.0
0.0
-0.37267798
-0.18633899
0.37267798
-0.55901694
-0.18633899
-0.18633899
0.0
0.0
-0.12569828
-0.25139657
0.6284914
0.0
0.0
0.0
0.50279313
-0.37709486
0.0
0.19999994
0.0
0.0
0.0
0.0
0.0
0.0
0.0
0.0
0.37267798
0.37267798
-0.37267798
0.0
-0.37267798
0.37267798
0.0
0.53287005
0.17762336
0.17762336
-0.17762336
0.53287005
-0.17762336
-0.17762336
-0.24052283
0.24052283
0.0
0.24052283
0.24052283
-0.24052283
0.24052283
0.24052283
0.10249867
0.10249867
-0.8199894
0.0
0.10249867
0.20499735
0.0
0.4099947
-0.09893224
0.0
0.09893224
0.09893224
0.89039016
0.2967967
-0.09893224
0.0
0.1344246
0.2688492
-0.4032738
0.0
0.5376984
0.1344246
-0.5376984
0.0
0.0
0.3608012
-0.1804006
0.7216024
0.0
0.0
0.0
0.1804006
0.37678722
-0.30142978
-0.5275021
0.45214468
0.37678722
0.15071489
0.22607234
-0.15071489
0.0
-0.23570222
0.0
0.0
0.0
0.0
-0.23570222
0.0
-0.36309218
-0.24206145
0.24206145
-0.121030726
-0.6051536
0.0
0.121030726
-0.4841229
0.0
0.0
0.0
0.0
0.0
0.0
0.0
0.0
0.0
0.24743581
0.0
0.0
0.0
-0.24743581
0.24743581
0.0
0.0
0.0
0.0
0.0
0.0
0.0
0.24845198
0.49690396
0.21417335
0.0
-0.10708667
0.8566934
0.21417335
0.21417335
-0.10708667
0.10708667
0.12984414
0.0
0.2596883
-0.5193766
-0.2596883
0.38953245
0.5193766
-0.12984414
0.15907899
0.0
-0.15907899
-0.31815797
-0.31815797
-0.63631594
-0.15907899
0.31815797
0.0
-0.24944383
0.7483315
-0.124721915
0.124721915
0.37416574
0.124721915
-0.24944383
0.24166092
0.08055364
0.16110729
0.0
-0.24166092
0.08055364
0.08055364
-0.8860901
0.6133938
-0.07667422
0.23002267
-0.23002267
0.3833711
-0.23002267
0.46004534
0.23002267
0.0
0.0
-0.78383666
0.09797958
-0.09797958
-0.4898979
0.09797958
0.19595917
-0.24999996
0.0
0.24999996
0.0
0.0
-0.24999996
0.0
-0.24999996
0.06787245
-0.06787245
0.06787245
0.1357449
0.06787245
0.1357449
-0.95021427
-0.06787245
0.2028813
0.0
-0.71008456
-0.10144065
0.0
0.5072033
-0.10144065
-0.30432194
0.0
-0.9222932
0.11528665
0.0
0.11528665
0.0
0.0
0.11528665
0.0
0.23570222
0.0
0.0
0.0
0.23570222
0.0
0.0
-0.24999996
0.24999996
0.24999996
0.0
0.0
0.24999996
0.0
0.0
-0.41855988
0.0
0.0
-0.41855988
-0.55807984
0.27903992
0.27903992
0.13951996
-0.2898022
-0.19320145
0.6762051
-0.2898022
0.2898022
0.2898022
0.2898022
-0.096600726
0.19999994
0.0
0.0
0.0
0.0
0.0
0.0
0.0
-0.40768248
-0.40768248
0.40768248
0.0
-0.20384124
-0.20384124
-0.20384124
0.0
-0.2688492
-0.5376984
0.4032738
0.0
0.0
0.1344246
0.1344246
-0.5376984
0.0
0.0
0.0
0.0
0.0
0.0
0.0
0.0
0.0
-0.21650635
0.21650635
0.4330127
-0.21650635
0.0
-0.4330127
0.21650635
0.0
0.40768248
0.20384124
0.40768248
0.20384124
0.40768248
-0.20384124
0.0
0.24743581
0.0
0.0
0.24743581
0.0
0.0
0.24743581
0.0
0.11096107
-0.11096107
-0.7767275
0.0
-0.11096107
0.22192214
-0.11096107
0.4438443
0.19999999
-0.19999999
0.0
-0.19999999
0.59999996
0.39999998
0.0
0.0
0.0
0.1928473
-0.3856946
0.3856946
0.3856946
0.0
-0.3856946
0.1928473
0.24206145
0.72618437
0.121030726
0.4841229
0.0
0.121030726
0.121030726
-0.121030726
0.19009194
-0.5069118
-0.5702758
0.19009194
0.5069118
0.06336398
0.19009194
-0.12672795
0.0
-0.24999996
0.24999996
0.24999996
0.0
0.0
0.24999996
0.0
-0.13819268
-0.27638537
0.13819268
-0.27638537
-0.55277073
-0.13819268
0.13819268
-0.55277073
0.0
-0.23570222
0.0
0.0
-0.23570222
0.0
0.0
0.0
0.0
0.0
0.0
0.0
-0.24743581
0.0
0.24743581
-0.24743581
0.0
0.0
0.0
0.0
0.0
0.24845198
0.49690396
0.0
0.19982627
0.099913135
-0.19982627
0.69939196
0.19982627
0.49956566
-0.099913135
0.19982627
0.26646936
-0.13323468
0.26646936
-0.5329387
-0.39970404
0.39970404
0.26646936
-0.13323468
0.0
0.07712872
0.0
-0.15425745
0.07712872
-0.9255447
-0.07712872
0.23138617
0.17950548
-0.4487637
0.6282692
0.0
0.0
0.53851646
0.08975274
-0.08975274
0.27903992
0.0
0.0
0.0
-0.13951996
0.13951996
0.13951996
-0.83711976
0.23053524
-0.17290142
0.34580284
-0.28816906
0.28816906
-0.34580284
0.6339719
0.28816906
0.0
0.08388287
-0.8388287
0.0
-0.08388287
-0.33553147
0.0
0.33553147
-0.24494897
-0.24494897
0.24494897
-0.24494897
-0.24494897
0.0
0.0
-0.24494897
0.17079422
-0.08539711
0.0
0.0
0.08539711
0.08539711
-0.9393682
0.08539711
0.15201458
0.07600729
-0.68406564
-0.15201458
0.0
0.532051
-0.07600729
-0.38003647
0.0
-0.87305343
0.24944383
0.0
0.0
0.124721915
-0.124721915
0.124721915
0.0
0.19999994
0.0
0.0
0.0
0.0
0.0
0.0
-0.48989794
0.24494897
0.0
0.0
0.0
0.24494897
0.0
0.0
0.13100436
0.13100436
0.26200873
0.26200873
0.0
0.6550218
-0.3930131
0.4585153
-0.23693295
-0.23693295
0.59233236
-0.23693295
0.35539943
0.23693295
0.35539943
-0.23693295
0.19999994
0.0
0.0
0.0
0.0
0.0
0.0
0.0
-0.3608012
-0.3608012
0.3608012
0.5412018
0.0
0.0
-0.1804006
0.0
-0.33523563
-0.33523563
0.16761781
0.0
-0.16761781
0.33523563
0.33523563
-0.50285345
0.0
0.0
0.0
0.0
0.0
0.19999994
0.0
0.0
0.0
-0.1277212
-0.1277212
-0.89404845
-0.1277212
0.0
0.0
0.1277212
0.0
0.638606
-0.1277212
0.638606
0.1277212
0.0
0.0
-0.1277212
0.0
0.24743581
0.0
0.24743581
0.0
0.0
0.0
-0.24743581
0.0
-0.2060804
-0.8243216
-0.1030402
0.0
0.2060804
-0.2060804
0.3091206
0.45175397
0.0
-0.22587699
-0.22587699
0.45175397
0.0
0.0
0.0
0.0
-0.18951733
0.0
0.75806934
0.18951733
0.0
0.0
0.18951733
0.17950548
0.80777466
0.08975274
0.35901096
0.08975274
0.17950548
0.0
-0.26925823
0.0
-0.67564523
-0.49137837
-0.061422296
0.42995608
-0.1842669
0.12284459
0.1842669
-0.24052283
0.48104566
0.0
0.0
0.0
0.0
-0.24052283
0.24052283
0.73701036
-0.122835055
-0.122835055
-0.122835055
-0.36850518
-0.122835055
0.0
-0.36850518
