-65
-8
0
-16
2
2
-22
-20
-18
-56
-1
-14
-2
-43
-47
0
-27
-5
-19
1
12
-8
-8
-30
7
-12
-8
-118
0
-1
-28
4
0
-5
-5
-5
-17
-24
-11
-20
-21
0
-20
9
-16
0
-49
-9
-45
13
-8
-23
3
-58
12
1
0
4
-28
0
-13
0
4
2
14
-1
-27
0
-15
0
-14
-6
-14
2
-5
1
-67
-26
8
-101
-37
-16
-1
-87
-26
-30
-8
-11
1
-6
-8
1
-21
3
-70
-8
-15
-88
0
0
-39
-8
-34
-22
0
-36
-9
-32
-34
-39
0
-19
-14
-5
-18
-30
-39
-12
-19
-6
-5
-38
-11
-7
-31
-45
-29
-39
-1
-29
-19
-36
2
-19
0
-64
1
-47
-8
-18
-45
-5
-35
-26
-16
-62
-48
-41
-22
3
-66
-9
-30
-18
-14
-41
1
-93
-49
-21
-2
-3
13
-42
-15
1
-18
-1
-9
-24
-21
-23
-23
30
-9
1
-87
-34
2
-67
-55
-32
-1
-4
21
-16
-52
-8
-66
-40
-4
-17
0
2
-5
-77
-14
6
60
-23
-17
-12
-11
-47
0
2
-1
-5
-1
-33
0
10
-33
2
-51
-14
-22
0
-21
-1
-35
1
1
-42
-18
-26
-30
-12
-82
-49
-11
2
1
-20
-36
-12
-20
-4
1
-24
-19
-26
-13
-8
-95
0
1
-10
-16
-14
-2
-41
0
-20
24
21
