0
35
15
-7
7
-56
-23
37
-29
0
12
-25
0
16
-16
46
39
1
13
-35
60
-12
-19
3
-11
70
-24
3
-66
-26
55
-27
65
-66
19
-68
-50
30
-40
-79
-107
82
52
-41
-110
-35
35
-95
-12
36
68
18
-82
-16
9
24
-8
-1
13
-47
10
-12
51
13
-105
27
-59
71
-8
24
-28
-89
-4
-50
14
9
-3
-1
-20
-3
33
12
-45
0
-41
-22
26
21
-125
94
70
113
80
127
18
-96
41
70
46
-14
-26
-61
23
16
81
-12
-39
68
12
1
-67
-49
19
-65
85
-23
-67
-23
-55
21
-8
22
9
28
-1
-14
-46
-41
21
31
4
36
-14
17
-12
37
14
-56
-9
36
28
-27
-7
-51
-42
-5
16
31
49
13
-24
17
23
46
-16
-76
-48
-19
39
-51
-85
-91
-38
-68
12
35
30
-91
21
17
-61
1
-78
4
-3
-43
55
0
-72
50
28
-46
43
-10
43
-14
-50
39
-9
62
-32
-38
-53
59
34
64
76
-65
69
85
80
56
-64
65
34
-56
34
30
-25
-28
57
25
45
81
17
-21
32
-42
33
-54
31
-36
30
19
69
20
-3
-20
117
17
-72
-123
-46
-2
15
-69
-30
-65
11
84
-56
-8
-34
55
52
-28
3
10
-46
-43
18
-12
-28
3
11
-27
