-0.01525255665183067321777343750000
-0.02034131623804569244384765625000
0.05071888491511344909667968750000
-0.01333796791732311248779296875000
-0.01642023213207721710205078125000
-0.02455224469304084777832031250000
-0.01579583995044231414794921875000
-0.01682104170322418212890625000000
-0.01565548777580261230468750000000
-0.02082997746765613555908203125000
-0.01453763060271739959716796875000
-0.01216195430606603622436523437500
-0.01777827925980091094970703125000
-0.01792416349053382873535156250000
-0.01636488176882266998291015625000
-0.01689682342112064361572265625000
-0.01851880364120006561279296875000
-0.01128305774182081222534179687500
-0.01586050726473331451416015625000
-0.01501566730439662933349609375000
-0.01752838492393493652343750000000
-0.01468781754374504089355468750000
-0.01299888454377651214599609375000
-0.01874357089400291442871093750000
-0.01245177164673805236816406250000
-0.01656645722687244415283203125000
-0.01947108842432498931884765625000
-0.01695161499083042144775390625000
-0.01300606224685907363891601562500
-0.01594091206789016723632812500000
-0.01425554510205984115600585937500
-0.01953036524355411529541015625000
-0.02327765338122844696044921875000
0.00276489462703466415405273437500
-0.01493851747363805770874023437500
-0.01737548224627971649169921875000
-0.02568653970956802368164062500000
-0.02155905216932296752929687500000
-0.01526345498859882354736328125000
-0.01329295802861452102661132812500
-0.01460934616625308990478515625000
-0.02172726765275001525878906250000
-0.01433532219380140304565429687500
-0.01672434434294700622558593750000
-0.01455329917371273040771484375000
-0.01416318584233522415161132812500
-0.01557623688131570816040039062500
-0.01376834232360124588012695312500
-0.01337175350636243820190429687500
-0.01800061948597431182861328125000
-0.01280770264565944671630859375000
-0.01192975230515003204345703125000
-0.02162600494921207427978515625000
-0.01978375948965549468994140625000
-0.01517740730196237564086914062500
-0.02686573565006256103515625000000
-0.01634632237255573272705078125000
-0.01712489500641822814941406250000
-0.02587604708969593048095703125000
0.01709856279194355010986328125000
-0.01786061376333236694335937500000
-0.01500989962369203567504882812500
-0.01725114695727825164794921875000
-0.01607501506805419921875000000000
-0.01342132780700922012329101562500
-0.01446013431996107101440429687500
-0.01409710571169853210449218750000
0.06934003531932830810546875000000
-0.01543159224092960357666015625000
-0.01986854523420333862304687500000
-0.01530274655669927597045898437500
-0.01693630591034889221191406250000
-0.01786673255264759063720703125000
-0.01674689166247844696044921875000
-0.02010554261505603790283203125000
-0.01744347251951694488525390625000
-0.01490756589919328689575195312500
-0.01752182841300964355468750000000
-0.01697450503706932067871093750000
-0.01669899746775627136230468750000
-0.01751083321869373321533203125000
-0.01817470230162143707275390625000
-0.01432873308658599853515625000000
-0.01875659823417663574218750000000
-0.01995468139648437500000000000000
-0.01646420732140541076660156250000
-0.01743650436401367187500000000000
-0.01609448716044425964355468750000
-0.01541205309331417083740234375000
-0.01605210267007350921630859375000
-0.02770470827817916870117187500000
-0.01531150378286838531494140625000
-0.01691433414816856384277343750000
-0.02130413427948951721191406250000
-0.01650780998170375823974609375000
-0.01457365229725837707519531250000
-0.01621007546782493591308593750000
-0.02156032621860504150390625000000
-0.01539672259241342544555664062500
-0.01167078595608472824096679687500
-0.01057975180447101593017578125000
-0.01734677329659461975097656250000
-0.01574850268661975860595703125000
-0.02094076946377754211425781250000
-0.01689508371055126190185546875000
-0.01044009998440742492675781250000
-0.01406456623226404190063476562500
-0.01442287489771842956542968750000
-0.01366178970783948898315429687500
-0.01361417397856712341308593750000
-0.01877361349761486053466796875000
-0.01912802271544933319091796875000
-0.01283224206417798995971679687500
-0.01963220722973346710205078125000
-0.02210109122097492218017578125000
-0.01484738569706678390502929687500
-0.02044429257512092590332031250000
-0.01412854902446269989013671875000
-0.02555343136191368103027343750000
-0.01256307680159807205200195312500
-0.02217305824160575866699218750000
-0.01768830977380275726318359375000
-0.01286242250353097915649414062500
-0.01678531058132648468017578125000
-0.01765646040439605712890625000000
-0.02066858485341072082519531250000
-0.01648961007595062255859375000000
-0.02236763760447502136230468750000
-0.01864314824342727661132812500000
-0.01607873477041721343994140625000
-0.00029004932730458676815032958984
-0.02618404105305671691894531250000
0.00294052367098629474639892578125
-0.01644564419984817504882812500000
0.01593445241451263427734375000000
-0.01593078672885894775390625000000
-0.01020906586199998855590820312500
-0.01459923665970563888549804687500
-0.01938134245574474334716796875000
-0.01366004534065723419189453125000
-0.01525036990642547607421875000000
-0.01543687470257282257080078125000
-0.01584467291831970214843750000000
-0.01195091661065816879272460937500
-0.01691638864576816558837890625000
-0.01973335072398185729980468750000
-0.01437236648052930831909179687500
-0.01625218242406845092773437500000
-0.02037947997450828552246093750000
-0.01731960475444793701171875000000
-0.01612462848424911499023437500000
-0.01170634571462869644165039062500
-0.01432996429502964019775390625000
-0.01569819450378417968750000000000
-0.02127729170024394989013671875000
-0.02315510623157024383544921875000
-0.01256343256682157516479492187500
-0.02247225493192672729492187500000
-0.02613349631428718566894531250000
-0.01484871562570333480834960937500
-0.01249153353273868560791015625000
-0.01602461561560630798339843750000
-0.01853828132152557373046875000000
-0.01670755818486213684082031250000
-0.01269430760294198989868164062500
-0.02758391015231609344482421875000
-0.00721674226224422454833984375000
-0.01662188582122325897216796875000
-0.01382231898605823516845703125000
-0.01577278785407543182373046875000
-0.01887268014252185821533203125000
-0.01675155200064182281494140625000
-0.02305842936038970947265625000000
-0.02243166603147983551025390625000
-0.02220003865659236907958984375000
-0.01661704853177070617675781250000
-0.01710928976535797119140625000000
-0.01806411892175674438476562500000
-0.01930986344814300537109375000000
-0.01678974740207195281982421875000
-0.01491321902722120285034179687500
-0.01915409602224826812744140625000
-0.01921968907117843627929687500000
-0.01605255156755447387695312500000
-0.01711333356797695159912109375000
-0.01865897700190544128417968750000
-0.01630219817161560058593750000000
-0.01824190653860569000244140625000
-0.02558494918048381805419921875000
-0.01628619246184825897216796875000
-0.01343372371047735214233398437500
0.02676963806152343750000000000000
-0.01408764533698558807373046875000
-0.01632693782448768615722656250000
-0.01402207277715206146240234375000
-0.01508286874741315841674804687500
-0.01684470102190971374511718750000
-0.01436434034258127212524414062500
-0.01394957769662141799926757812500
-0.01895835995674133300781250000000
-0.01668302901089191436767578125000
-0.01373858191072940826416015625000
-0.01596488244831562042236328125000
-0.01557810883969068527221679687500
-0.01656305789947509765625000000000
-0.01657047122716903686523437500000
-0.01567352749407291412353515625000
-0.01749111898243427276611328125000
-0.00633988296613097190856933593750
-0.01549598947167396545410156250000
-0.01559238787740468978881835937500
-0.01890776306390762329101562500000
-0.02532163076102733612060546875000
-0.02131208032369613647460937500000
-0.01686904951930046081542968750000
-0.01677842997014522552490234375000
-0.01713246665894985198974609375000
-0.02019739151000976562500000000000
-0.02060204185545444488525390625000
-0.01337826997041702270507812500000
-0.01499209273606538772583007812500
-0.01638748124241828918457031250000
-0.01387535687536001205444335937500
-0.02460000291466712951660156250000
-0.02269998192787170410156250000000
-0.01460042316466569900512695312500
-0.01987313106656074523925781250000
-0.01621241867542266845703125000000
-0.01793407835066318511962890625000
-0.02042829804122447967529296875000
-0.01649367809295654296875000000000
-0.01740842685103416442871093750000
-0.01855999417603015899658203125000
-0.02000694163143634796142578125000
-0.01947020739316940307617187500000
-0.01255867071449756622314453125000
-0.01499625667929649353027343750000
-0.01705530472099781036376953125000
-0.01385252736508846282958984375000
-0.01185787003487348556518554687500
-0.01453641522675752639770507812500
-0.04654467478394508361816406250000
-0.01603055931627750396728515625000
-0.02163615822792053222656250000000
-0.01649352349340915679931640625000
-0.00488686235621571540832519531250
-0.01730404049158096313476562500000
-0.02129951119422912597656250000000
-0.01788672059774398803710937500000
-0.01734576188027858734130859375000
-0.01500463951379060745239257812500
-0.01769976131618022918701171875000
-0.01584181189537048339843750000000
-0.02132693119347095489501953125000
-0.01870691962540149688720703125000
-0.01569738797843456268310546875000
